0882494652
66812702860
0626292544
66987298989
0890902422
0984693234
0839932961
0803457882
0946615182
66923913485
0898046965
66818053000
0611762615
0925695853
0939159563
0956590500
0815611592
0894385746
0863137299
66858832054
0819958776
0830685833
0955675365
66987690261
66903743052
0918780888
66805299138
0828969899
0819037780
0935459645
66882229982
66824941915
66957710301
0805415397
0876965442
66898155184
66995062132
66657896599
66649892890
0897101456
0889541214
66822443634
0890219858
0897359995
0818493368
0818054919
0819281583
0879140202
0819409544
0632824916
0616635694
0972366562
66625546464
66877005590
66994266564
66855914262
0970027558
66819196236
0866591322
0897089959
66954165933
66860815327
66955395199
0818304077
0896944373
0810616395
0635615442
0635615442
0826301881
0953922328
0964289726
0871231230
0911627848
66868065556
66930684824
0882937772
0815402005
0868786989
0877357747
0804959645
0655241697
0812536900
66819835641
0623360038
0819186002
0807894545
0993924664
0942827489
0626455828
66942518547
66656145446
66822456326
0832445366
0922742876
0835299887
0897700084
0896673303
0909935456
0815705709
0640469888
0924684899
66869996626
0956969161
66644099555
66969629159
66865301362
66928541059
0819301144
0624563942
0930043294
0635599599
0641941553
66805059344
0960656589
66971471666
66961194159
66855648222
0902354564
66661659425
0876714623
66851555681
0892053868
0927322691
0980698566
086995705
0818789097
0813960099
0899331932
0877902936
0946395563
0869988099
0890460915
0851426564
0927494977
0954619664
0819122779
0814905378
0849780004
0943253408
0816363329
66816880111
0898289558
0944919879
0894780606
0843514625
66816680710
0819059548
0982839701
0855962263
0882951104
0856472202
0854127379
0644562666
66961510060
0818514454
0650964555
0641028282
66812849956
0633365361
0852585797
0861726939
66952414924
66981695885
0816485033
0656654415
66869770475
0818564474
66632713577
66623654694
66861566373
66839149826
66898089651
0879159178
66834857657
0626982622
0923532692
66827990780
660936144563
0829835209
66908909222
66894449149
0656124895
0914545888
66815590300
0854471519
66641028282
66864924165
0853341988
0830754233
0622197678
66813668383
0979626995
66899591899
0812951939
0929933125
0818333949
0868134420
66625508775
0814001497
66807555848
0935307009
66868344172
66982033629
66853015906
0811457363
66640218776
0825319544
66944429799
66819998662
66870232300
66908819208
66835591295
66985399145
66922611442
66611626497
66812067515
66962622555
66626982622
66843157213
66993654959
0955719432
0904728129
66899687089
0922742876
66846899324
66932362362
66923982829
66830831263
66917805291
66804265968
0815631177
66954411102
66855305156
66812690516
66661569152
66818707480
66926194744
0934568289
0896903777
0811750445
0852222082
0816280694
0918672251
66634289565
0819054756
0819037780
66956462246
0632456855
0632824916
0616635694
66646516298
0616528289
0848203593
0918261271
66959629677
66944074758
0902533666
0817629999
0825169165
0962892228
0819539964
0932392399
0910471105
0949649252
66624239654
66964265696
66923994616
66963090860
66897741611
66990162075
66945680011
0985704258
0890518219
0816496544
0828658778
0624307456
0863672824
0816968969
66869494159
0808696786
0618359494​
0826632963
0878886585
0868865593
66859951546
0992233515
0942422394
0849231707
0625469888
66800044550
66945184695
66852546345
66898317323
66626542245
66818204574
66817416589
66891427998
66991965636
66818159245
66818493368
66945624916
66875435533
66837139005
0833266428
0927735657
0818921946
66875668916
0885845395
0654649942
0632093940
0801116602
0805089670
0882923919
0926188799
0955969426
0866043179
0986597789
0935292282
0844329933
0922871654
66862566206
66818795217
66643463369
0832356289
0830399560
0867609204
0985869598
0925455891
0971247870
66625629236
66931583222
66982864264
66905724943
66989532663
66896665516
66816863245
66646633655
0874179789
0870900408
0625782458
0841455196
0932809493
0820382079
66914169994
0647824495
0849616169
0614926299
080456355
0951596261
0802623519
66969544542
66934236616
66932466494
0635193545
0992644163
0614546995
0836553656
0830600069
0821962926
0980356168
66952822555
0813401563
0647277772
0612926641
0868308015
66646936465
0815671829
0991148313
0625939951
0924794636
0823329196
0935788845
0617982464
0818472266
0914515695
0818194003
0947955668
0924762393
0914262295
0842469328
66829142493
66819784830
0907829695
0862151472
0986244493
0628756298
0887825546
0950376444
0982853746
0918893852
0623959515
66896365495
66848307013
66842641983
66824425835
66824786663
66909784307
0884489969
0619191662
0945539016
0813743955
0876738278
0972289656
66812070718
66992497090
66861418986
0884187765
66994151629
0927684817
0952844567
66804218838
0803240637
0644922995
0625547493
0905945559
0619245642
0896699549
66623285165
0639459365
0842892362
0896000866
0979265859
0823545651
66835532263
66869554159
66822031540
66934644262
0936192628
66947106080
66888051786
0815855561
0868574747
0922894644
0898155184
0991415356
0944469042
0831917992
0949715757
0900593536
66898150330
0819022884
0818052754
0818737253
66818263638
0953636695
66645394265
66839991722
66814856975
66813752916
0984634936
0894991787
66897435439
66844679218
66991279992
0638265422
0618802646
0846304505
66655614223
0860025234
0818479920
0994954669
0858886344
0909194391
0992619454
0900593536
66953720388
0945642245
0815456541
0622685617
0819195927
0816533990
0658964535
0865441594
0800545446
0818165022
0817822410
0952566969
0613613069
0860215862
0813511680
0863194221
0814415706
0851135307
0888716696
66929593397
0846719891
0879759654
0949141536
0863478926
0981062406
66959351456
66626645391
66946499951
66615919169
66879918677
66818107824
66955693235
66899682121
66984942269
66901232798
66834233355
66926298946
66989492462
66926394236
0814971996
0824868888
0848621865
0627494444
66824912694
0616410807
0889954926
66802277444
0860064092
0946262363
66637094187
66994979142
66817070799
66909324698
66917045429
66802333663
66819749629
66922916561
66958756167
66635928241
0989719866
0983247958
660651466541
0803089558
0946462892
0869841558
0623969954
0831769882
0842923356
0945156647
66969599355
0625548228
66915514432
0822874239
66982460992
66616549429
66862282812
0855732625
0617164061
66980963566
66801966244
66625645455
66945289299
0634504343
66996154691
66613531648
66988020553
66843537616
0870048537
0834266428
0824878999
66856223361
66843322957
66819209431
66882608489
66814864964
0909755959
0890590111
0655935956
66987952990
0629594222
66822106525
66936619362
0926914646
0979614965
0877843337
66875896226
0805122821
66868312264
66988938900
0622826241
66814537688
66865443655
66835696891
0984817818
0613966924
0823541257
0924659141
0935845440
0623851688
0961597879
0982867652
0891472764
66867227863
66963616539
66842229833
66897278705
66897314888
66877137399
66959593996
66856608455
0819916471
66867803350
0615355329
0842325649
0626456514
66889425964
66863612592
66925902459
66660641562
66860825284
0881846699
66889566628
0846198888
0942685222
0870184170
0872055679
66987891298
0898673570
0916321582
66887882478
66816158030
0642894566
66817024176
0962395945
66896956931
66894729621
66905601603
66831940795
66972456764
66808795446
66992871829
0886184488
089760466
0826492998
0859248926
66826498987
66853315559
66889516252
66914185688
66896955109
66829564615
0615789942
66869650594
66982469904
66825284229
66910343407
0800988898
0655394645
66982922596
0926966265
0810502344
0993639797
66818999980
66615636449
66865818755
0946535624
66856610950
66890329414
0982973103
66850717016
66810945753
66823621095
66848508102
66863927564
66892032265
66916366541
0933269571
0869731011
66643565262
0867882467
66902896363
66895619141
66622566244
0863140982
66934949542
66816157474
66818344189
66651494456
66956399445
66847521226
66896871948
66892350003
66955252229
66870010255
0804975503
66931104764
66914141464
0818716655
0819094924
66871498010
66909946824
0622469994
0914704727​
0639364453
0819777933
66879589993
66845203092
66642299654
0910204692​
0882409566
0868140446
66851875599
0981428295
0990399070
66819296979
0814901919
0853921052
66894255757
0804919163
66909474222
66819951853
66852223998
66835233961
66837021809
66944585777
66816998589
66974622964
66971343565
0636369325​
0924932423
66957493093
66882277948
0914515695
66805960014
66924932423
66646519545
0818053000
0898880442
0610319274
66870204822
66894792207
0860198830
0971644141
0899995559
66894600426
66991656269
0869599590
66991635162
0907749588
0850206439​
0865553442
0816383952
0917464393
0906152043​
0951867202
0905699265
66642362557
0898161155
0877993165
0811498891
66869818338
66918652359
66885813305
66852592332
0818079889
66818113351
66819760716
66649626153
66966516366
66624198914
66858131189
0886978287
66945693615
0881455451
0892270763
66930511972
66844661951
66850830797
66973536764
66814202944
66936535599
66865881674
66966652645
0959629435
66959694924
66989329592
66942354644
66958510275
0823531418
66948457989
66813045655
66835751870
0652401731
66864901625
66818747524
66961655636
66852578801
66814553854
66829514295
0801242485
0819641200
0898566675
0913399883
0852647755
0876159597
0860006500
66818534439
0909867191
66615489729
66886388222
0910252897
0624427588​
0818723696​
0818874494
66830447660
0909859807
66877571213
66979824942
66649500922
66949566541
66897144669
66818778288
0814242882
66829909407
66952565966
0933545996
66830714764
66946614622
0814243649
66840743252
0819363148
66816827241
0944426423
0973471240
66610262451
0922614990
0955165599
0936262236
66891648897
66656496616
0807045864
0956535959
0869429665
0987404481
0882821789
0972657775
0815675143
0854555945
66920148440
0859965422
66894375338
66904601710
66863839970
66824884769
0936240022
0819749629
0952695613
0655942013
0970654603
0851192929
0851234666
66818775853
66914245696
66818854305
66817015766
66946708915
66814433208
66939363479
66887841494
0909813908
0959533435
0637624066
66932905665
0981674674
0835392987
0882500785
(0812753118)
0636527846
0913206931
0945414390
66881285552
66839933309
66988838442
66956151677
66805807700
66856521033
0822733129
0955564958
0980057003
66864489059
0946566635
0994295599
0936400606
0637414428
66991709202
0947131585
0993654959
0818243647
0877125756
0618687887
0899011525
0873655429
66816348900
66841416287
66885474944
66825071099
66882522985
66850433741
66635166639
66654852799
66863979736
66923542329
0895412216
0932961642
095459969
0804199192
0816499997
0897381784
0905519598
0614949989
0881078081
66956192453
66636323896
66835681569
66956354296
66982462644
66624642287
0926935642
0894917909
66835076514
66898100465
66868995551
0835587588
0875996049
66840067211
66964597956
0925503632
66632453356
0818389142
0818214960
0891639775
0894350470
66838945254
66829466499
66909707060
0969364426
66816792711
66859130194
66983838092
0819049012
0818448357
0834611414
66836915596
0918854493
0892550094
66860309942
66819594620
66942815225
66922393655
0956644565
0899249905
66993923954
66949585718
66824007447
0935837576
66806312255
66949658882
0814115082
0885666963
0879149528
0626634488
66612496365
66944390505
66958261888
66808800080
0629411454
0953437878
0986541463
0817629999
0922730607
0968045954
0819201052
0616614588
66853347711
66627573666
66850070080
66922628458
66954139965
66869700740
0885619727
66933299164
66816476921
66961563979
66805445556
66983946383
0878807151
66944965694
0809551555
0831637077
66641466287
66809551555
66963649516
0988297584
0897886117
0643294546
66661371027
66922924469
0869996626
66979591444
66622098697
66811987227
66881188799
66895249966
0901844491
0946615182
0819039660
0914693553
0616356428
0842899366
0979214895
0862997456
0817970048
0839282356
66828982626
0822913569
66910606186
66892470111
66955304225
66956493594
66944662894
66971840687
66813556989
66942969942
66956949465
66642951654
66896366634
66815724334
66841332073
66649697992
66816189292
66626645954
0857808517
66615156565
0991465097
66857808517
0863527216
0634192239
0895995844
0848086935
66987999850
66880103381
66816957111
66815557832
66899801883
66895595111
0815508810
0802795991
66624144546
0944422962
66982525927
0639298289
66836297690
66949519597
66986366454
66894468246
66949069602
66884600395
0827779848
66896901609
0877172016
0985636594
0955459249
0817524565
0805952757
66628246542
66987145641
66838300534
66632121955
66956493514
66832734425
0957802363
66956585145
66988792961
66869048411
0954137909
66623947486
66907166934
66969744545
66896864674
0863597735
0629517959
0838427683
0956869615
66813757962
0805546324
0854499496
0836309989
0832328245
0817809170
66840508354
66819983921
0909898155
66982614492
66822366542
66926635441
0616246459
66654654550
66819699642
66636356166
66631914566
66854885316
66800991110
66955292541
66890197893
66994255961
0649466992
0961311638
0892057688
0816476921
0617370005
66877868858
66867884942
66830778696
66856149907
66993639255
66802755250
66653568947
66878415075
66841193129
66813550842
66812526818
66864062275
66619289249
66851981725
0870987435
0819743604
0966743505
66925682678
0823648181
0933902198
66869309600
66811554475
0648894538
0816205552
0891144744
0948264596
0959529812
0959529812
66875442620
0818072268
66848577414
66986956466
0615416518
66879299698
66905544968
0815649919
66931563366
66928914694
66988566147
​0814115082
66622352398
0956592695
0846940370
0869256128
0646874705
0625365256
0807368525
0924696328
66891144744
66875509613
66866594254
66814313692
66909233366
66955426698
66896627878
0982682883
0811914845
0634646396
0805005245
0867882467
0984625251
0899738220
0831333321
0625564429
66885495664
0868447107
0860452858
0858165656
0899555962
0982699391
0891998936
0966989226
0835816221
0949961911
66890172085
66980801233
66813468390
66925599236
66934615996
66894646170
66828801099
66819669290
66814042133
66646149492
66899877511
0636356636
66649826545
66654599441
66818431451
66994459939
66615324465
66863684450
66805993741
66949197546
0819980173
0957892941
0989596642
0987999850
0817101010
66819098222
0615651946
660988534999
66844083640
66891472764
0871409009
66863540870
0657579375
66873612481
0877997360
0879778731
0936092022
0895030322
0813060392
0898551559
0641019222
66614749897
0881171669
66970916945
087923411
66806469989
0945392896
66814625356
0639859997
0897869742
0954266256
0816380753
0898566598
0967627627
0819963877
0898447632
66864442295
66854401725
66899693309
66855031008
66869563441
0898738782
66990618099
66626235497
66817878345
66923622891
66840633463
66896385678
0808086888
66954200024
66655060629
0954394633
0986535142
0812605624
0610379919
0952564742
66818674939
66968299965
66649596998
66661199994
0818601126
0914853187
66871910259
66840407715
66641966961
66956754661
0918252552
66982642449
66824116161
66824119561
66649359585
66969366488
66941461951
66922534052
66800663880
66864105534
66868316696
0839741970
66967965982
66945196197
66891454622
66946423624
66804404345
66861271605
66948564278
0813766258
0856624654
0816988293
0875902228
0945152777
0927166604
0619935239
0868386235
0849136466
0948805588
66929050992
66944036088
0642930555
0883762271
66867179656
0851454096
0863091186
0803932365
0817629999
0818583865
66946843443
66955500924
66832392365
66947469366
66818509992
66949416491
66815451275
66855536148
66863647330
66847681177
66898703669
0625915985
66819156848
66939891020
66970450544
66636495955
66812581145
66818868640
66865132951
66613868475
66967782665
66917852555
0817942337
0974262624
0815508285
0909707060
66851942223
0810054942
0894761122
0875562222
0927185243
0891078778
0829462839
0923686898
0616915526
0826869304
0949244025
66809709640
0814006584
0639054880
0869849728
0863993523
0862472117
0848132953
66868956772
66652491559
66875666498
66868706775
66872130720
66819957984
0854996535
0920167099
0946236632
0919796561
0894338157
0800645591
0929962241
0890124588
0623623928
0816280694
0818661598
0890902422
0813688193
66830921855
66859634109
0800958581
0932895649
0803089558
0647854571
66889097945
66962528826
66861040732
66649598249
66810899222
66851495459
66818833716
0636356636
66653261951
66896681314
0630234211
0614066188
66858085555
0831934888
66629295429
0864489059
66813248355
66808043035
66882620128
66812799889
66909860560
66856222645
0906697103
0646596563
0980163980
0818187989
0924915045
66818078549
0816453414
0985569301
0846612817
0816986366
0840053619
66844143999
66896863329
0877229927
0831017044
66993410171
66917472016
0896764576
(0983246153)
0849223941
66941416593
0855153936
0923676662
66827889777
0910369818
66661598669
0624508293
0994717585
0832423551
0814297639
66982714259
0869000099
0888863064
0819225045
66819263063
66815597988
66813415606
66939636165
0922627211
66985569301
66972789914
0991283210
66914355608
0989492462
66959340004
66988922466
0892459596
0814455325
0802527030
0966432435
0873177542
0800958581
0983436569
0622698987
0816480423
66819006622
66949419459
66902429582
66883413228
0632463591
66841935462
66846198888
66971194481
0944656224
0847829266
0879134721
0987142646
66889715369
0635919299
66966533045
0852516226
0810274495
0638188172
0934469826
66959495463
66860181888
0847942620
0885623909
0634127119
0883799119
0862235349
0896483524
0861037992
0967903632
0818144626
66902351994
66989343318
66848741290
0814861444
0918854493
0897963056
0815324187
0863819436
0819078030
0863469747
0818322380
0870905302
0925956251
0874184200
0644561428
66877008974
0935815950
66637768996
0961234122
0812705594
66805563645
66626052221
66959966156
66811692831
66657826936
66891754525
66961424669
66615946428
66631354579
66997127781
66895296762
66881549605
0815353381
0624924451
0833899458
0944563632
0619800426
0614162592
0890484330
0808086888
0815530188
0942496792
0832454191
0899269498
0839226560
66838826308
0861706045
0986705772
0989199188
66879808976
66866895403
66864119800
66922811561
0922811561
0897544243
0616615155
66962614241
0971132385
66895106420
66816550058
66661615541
66958591616
66922479338
0970912523
66655514900
0818279252
66928037286
0963709744
66944128229
66985263939
0928344868
0957431573
0944659433
0636782364
0811772990
66828964188
66832081564
66804992108
66637877629
66858160999
66989646245
66833257238
66983236459
66969395763
66816922625
0819198031
0649328955
0869117432
0861841804
0802659822
66819265664
66829546653
66811239735
66805645626
66909298102
66818122421
66897770253
66897343269
66922489390
0836223562
0934285455
0818553735
0884205552
66854976365
66835578398
0640451870
0620547780
0863676644
0624491961
0936013855
0814828893
0869602266
66942082055
66828014291
66991283210
0806184682
0624634364
0970288465
66869744747
66966355682
0981545987
0926205867
0614651466
66899381810
66894236545
0822114461
0652491544
0818221714
0855533677
0620836378
0879158178
0898243344
0954829618
66956626445
66988955549
0968567568
66854118665
66819992882
66843652629
66811682291
66832974440
0918648532
0924415067
0941922661
66824790444
0876962883
66850181515
0819843910
0622948338
0847620065
0819554919
66800785883
04945612132
66974649146
0626261539
0982322463
0878916181
0895511912
66922487243
66884233328
66840234906
66634156242
66877767500
0882809885
0894426599
0894426599
0942636565
0825169165
0878235416
0898759039
0934127465
0823435290
0819348817
0826454289
0818995597
0810695995
0655128988
0902249926
0859022249
0929536561
0818990512
66826354996
66802842822
0856015174
0897282605
66919962279
66871122321
66894527222
66949852661
0623529564
0819409544
0815923475
0942425360
0899892180
0622427100
0892264664
0661619892
0849552499
0958262358
66891516646
0805498211
0644057214
0613635699
0944036088
66945469858
0872820299
0818606143
0930256779​
0840162141
66896889782
66989325154
0814025452
0632205830
0910042468
66819089709
0987850084
0818074991
0969164239
66955594988
0815529885
0959794542
0839036115
0819195390
0818109188
0973534208
66817742774
66829244492
66818488618
66636961535
0843753482
0959565142
66635656556
0809944536
0845543773
0876794664
0899798943
66639735555
0944635624
0946452388
66860312424
0653769299
66929030634
0936907811
0618201311
66919354561
0899564288
0979692555
66851176122
0893296999
0818248581
66815404966
0614534496​
66952695693
0945962569
0899262451
0890188529
0878754764
0848744421
0898119714
66945354264
0892767300
0844488776
0818495901
0915275872
0846535181
66957898564
66876649998
66646414962
0895759966
0639695464
66817639321
66863255699
0851551860
0847475127
66845254224
0897045427
0634266265
66868998833
0817538901
0854360366
0830497141
0817874431
0816961313
0891567191
0832441683
0818714093
66957283339
66894366333
66953915626
66846498892
66876819796
66895417415
0802265356
66989044404
0926155365
0819135288
0806548588
66866285288
66894969400
0864699264
0863676644
66910251449
0851495156
0924542469
66897969939
66634745954
0935545465
0918266945
66652653246
66816469369
66853572327
0815573565
0879805159
0993487945
0949362454
66819095991
66879015333
66919964146
0814553854
66867024500
66871573111
0984130712
66944932422
66654415447
66804914163
0812651685
0899267338
66649352926
66808364484
66867068557
0816462356
0902989465
0807518889
0985359291
0656492651
025857888
0818220172
0883470750
66834282995
66899896641
66876516678
66896858788
66990914554
0926939954
(0635426987)
0659141947
0805244445
66935808624
66982206773
66816475717
66815973370
66945471794
66981984651
66639282287
66807873999
0804633615
0818831247
0855646545
0958262358
0839989896
66862078351
66909609484
66868370120
0948285644
66903168306
0891163993
66626526165
0835992225
0822216784
0827924541
0815444044
66815982702
0954618594
0806934639
0954612116
66614546995
66640923476
66927066654
0644164042
0629454789
66875624549
0926923883
0814929366
0817878078
0633647148
66946693629
0892207575
66957152383
66917692517
66646766611
66889935562
66918713003
66823642956
66958170390
0619801730
0987907884
0990056556
66809231963
0824861224
66892462635
66853227967
66819116335
0958811926
66925833598
66649962424
66938749894
0894289908
66923594642
0863282260
66646195396
0869509991
0841399941
66968252555
0810101450
66815086888
0852456324
0922541678​
66991598668
66961426924
0622426422
0939871060
66815515600
66838859899
66820999433
66925949592
66909916504
0922605264
(0652422708)
0835446465
0846956955
0899199199
0962923635
66897102400
66896351564
66658294692
66846655630
66942811802
0911627848
0615929745
66855117568
66830728080
66623591911
66952168168
66950818257
66846637223
0622639149
66931955391
0837566655
0932949874
0928602217
0869980614
0892892690
0969244664
0817255922
0818702817
0946921424
0906616688
66899829220
0813736343
66815565464
66824002924
66622425441
0659922794
0918583608
0816335092
66896586587
66819295282
66899221329
66897359995
0818565331
0889154565
0870566255
0882937055
0610241350
0815239691
0628782395
0622541994
0993733030
66971461549
66863639494
66866082264
0873036300
0632250551
0824969656
0633966246​
0929536561
0646289224
66949587654
0621979786
0892019899
0949621451
0870637490
66910455230
0853282899
(0811469318)
0894460705
0980140598
0852084188
66867852297
66952947441
66885734810
66922996147
66888811460
0878916181
0945308215
0947898998
0893269453
0991062625
0959534409
0836214084
0962641964
66819144816
66909206868
66850850046
0926863111
0812086943
66894470525
66657455499
0890317774
0653982694
0983255978
66852980354
0890994812
66851193505
0873389856
0981083852
66619289928
0832441683
0855495336
66818844976
66842478470
66836896557
66863746235
0800484914
0994454964
66919198799
66900016352
66850525213
66637769977
66988597437
0818841312
66643200009
0845543773
66988266468
0895002071
0877445855
0909862739
66661499393
0834240013
66816498858
66949456214
66878772200
0814983344
66805451634
0895366617
66842287322
66822459536
66621781235
66840043099
66838291944
66635562454
0817648187
66929624095
66954693489
66851660597
66804629955
0892435908
0963236929
0653238874
0651651441
0924132029
0902457949
0928098626
0989914461
66653899826
0990397932
0846781245
66894976161
66629924999
66943642695
0810614810
66821693694
66898127172
0819196203
0657326199
66952643749
66886554333
66970015710
66811237416
66866126064
66818457595
66996194466
66854996535
66944971659
66927590441
66872576522
66961943402
66973261018
66866611525
66894643883
66809419446
66616295642
66897496151
66835747841
0855922492
66926416989
66897158052
66841865379
66804238021
66836962532
66909739735
66866755302
0806465833
0936720089
0850954428
0946246543
0816668080
0897850726
66824669445
0923408106
0972698797
0972599339
0819549474
0855117568
66635596565
66867088535
66955418484
66970095191
66974289954
0861013449
66932785777
0873666596
0821523275
66814299615
66970071312
66635162619
66958360797
66626594226
66613089931
66873456689
0816461036
0998565551
0955096299
0934941429
0907516239
0819493029
0862531858
0632197889
0818297480
0894047352
0815668979
66886259404
0886506974
66842496536
66909912888
0642416551
66810517541
0843880156
0813038161
0639025656
0922722985
0818598879
0630705652
0636405942
66814877670
66910305402
0953244564
66866955533
66868522310
66986244493
0910383525
66980585741
66818285449
66837083106
66877555983
66910944942
66817164566
66886667854
66805205013
0879159178
0847331719
0815545855
0816122898
0635162619
0967797187
0836476996
66958605659
66654419924
66643969463
66818702817
66873123229
66885719476
0902451215
0945392646
0644452323
0936959459
0822346542
66949415595
0922646898
66894641626
66814751476
0619176336
66942645446
66622987283
0886709191
0958072437
0925652288
66844696863
66995594142
0643439555
0877894249
66636956416
0955408481
66642416611
0810871959
0818437585
0644566492
0912084238
0816473005
0991653515
0877732701
0819455754
66865154614
0652698585
0929826163
0614426126
66817598850
66898412457
66612495566
66925544989
0802642356
66802303143
66953858408
66842324156
0954694444
0844351908
0849585861
0892561956
0887847914
0633875409
0899266780
66951659363
66622896252
0984234854
66808646401
66886648866
66868418732
66918433623
0827005968
0851669999
0895797450
0819879442
0890398992
0927063138
0927922153
66861897892
0902596336
0828524768
66889599493
66636496159
0931672929
0614635353
66891696008
0970496464
0982635197
0989498265
66868224411
0818352251
66800767728
66868883497
66981247201
66992461661
66644452323
0949411221
0898522038
0873435377
0848680144
0972140888
0642675936
66899223522
66910638577
66634127258
66819065000
0621138185
66929664425
0994248896
0979195615
66870623772
66899256884
66993544519
66801406066
66611645599
0871747330
0950369498
66896448202
66958795992
66818708985
66970901184
66989050056
66971264567
0894040616
66817058552
0971284567
66818648387
66895266616
66834820453
0819119765
0823659442
66929466517
0828957990
0984264245
0868310688
0801782288
0616916362
0922716112
0894338157
66955297209
0985655339
66936327892
0980044031
66821905229
66818605696
0819944450
66832087127
66896046265
66973488130
66918676368
66929944614
66933213788
66804342111
66855646154
66621588593
66945554536
0617072565
0905567335
0963938925
0896990879
0849335653
66954196016
0819421420
0917401997
0899653589
0844351​908
66819229351
66867897734
0935832587
0994267249
0897935770
0985629098
66876401150
0644071999
66845574585
0897796737
0935840205
66819870277
0836924987
0970933747
0927987465
0972395655
0980102449
0959534409
0808226484
0818999407
0807733158
0936920232
0894761122
0814228389
66658871222
66821864737
66956642826
66898974866
66891142884
0953811881
0816879367
66839226772
0868881618
0629514697
0987991522
0966595962
66817985419
0933798689
0831329412
66642943202
0618452226
0882227358
0615932896
0955163424
0834269426
66844051555
0942343608
0895044428
0823435290
0817408365
66930314487
0869872765
0863931007
0822786656
0850654524
0836362230
66911644992
66892056750
0832337504
0818506766
0813053015
66866442289
66929499639
66889923555
66847512391
66888740851
66817516365
66915924696
66924073773
66836556655
66961426495
66987456254
66955626264
66816266390
66972352787
66915708509
66946936446
66841493232
66945989951
66909327707
66870778121
66807252203
66884103535
66810559149
66961374604
66868146860
66814983344
0835595649
66922709597
66989496632
66924457997
66899247918
0887684357
66641696936
66933165414
66897334280
66656656245
66945651653
66819626671
66866444890
66842255854
0966986789
0863496143
0917164747
0943591519
0985585547
0865414869
66910919957
66961046519
0659941982
66815942828
66917935545
0877115779
66832352912
66858188807
0889192422
0936869898
0891825420
0817727644
66959474849
66868120755
66929516983
66814384049
0835651594
66655424616
66848874465
0810372563
66819458562
0808431505
0836486216
66892048889
0804565422
66922491497
66869705992
66841960319
66946392228
66861279996
66957944363
66863629482
66819403934
66855229390
66819054114
66817129265
66926426540
66924594644
66826771444
0945433113
66971567571
66835556456
66850709336
0617926514
0948794181
0628929824
0843753482
0877902936
0946365456
0850285559
0918179931
0862631285
0631164626
0828000161
66828228510
66818698423
66864886484
66980128195
0806421760
0972376818
66892345231
0947924565
66860534639
66890800820
66851119697
66972254942
66636471563
66955129266
0892767300
66955573394
0982456323
66645757281
66854145454
66917362978
0898459899
0822031540
66834172112
66835647989
66637439826
66854599748
66808982002
66926624227
0925455891
0814336982
0917975893
0619566241
0957974224
0837537080
66925582563
0991954699
0909294351
0807368525
0933260235
0994544628
0984466809
0872332037
0869843382
66815418424
0869706542
0877781004
0969466544
0971946654
0800522534
66652656239
66944162287
66896624025
66892424747
66628079922
66992696666
66844519010
0948854458
0891303322
66817119933
0644487755
66812514444
66910041431
66879094599
66837945594
66867547635
0869830755
0815707728
66624198795
0879586801
0958262358
0832938983
0935619197​
0855533677
66818496481
0841746825
0873966594
0990398222
0888565536
0840505549
0818091160
0982632646
66891780447
66968296469
66617289999
0812792771
66949426962
0949362414
0658956262
0819200855
0869872765
0867888634
0818561324
66621466517
0891146449
0868422666
0879868221
0963463168
0866881976
0969592599
0894964811
0630795294
0947924565
0946891144
0956620863
0649289169
0897015896
0939961956
0625786172
0811044318
0846391742
0614054078
0956191442
0855454249
0819325520
0819423486
0817727644
66819311921
66645966596
66848203451
66616236246
0867897815
0955878999
0919622655
0857064868
0896499909
0905324629
0813116903
0921956052
0818155963
0882937055
0967190309
0814148779
0818518039
0819495335
0850873978
0898028585
0629138547
0869890915
66985735029
0815731286
0879077687
0819574129
0818783906
0959524287
66989249451
0958355888
0993294656
0935463151
0839648383
66985529000
66914392565
66839790929
66895044428
66886368245
0847620065
66982499069
0659871646
0972368106
0815553233
0861742293
0929951459
0936869898
0962465926
0628263664
0867946985
0946593656
0932252644
0619811934
66930656560
0949965154
66813065474
66844366456
0850535805
0819782627
0619289942
0896618057
0852119988
0654387192
0813179240
66875177551
0810830979
0652656239
0927899091
66968922205
66814976427
0816605554
0909680419
0918710822
0830159503
0905916622
0836637999​
66622624453
66633831212
0614948995
66802894532
66959456495
66855365455
66869077321
66639154546
66616144644
66948954965
66629414142
0827898253
0618563799
0846422464
0816721459
0818177815
0996877033
0820188745
0817475094
0892465956
0928103663
0634799875
66851541212
0831888269
66940399399
0934269787
0833041445
66949678724
0826493915
0870424155
0819115225
66909928922
0650317972
0817909794
0854316656
093_0678877
0969781840
0620044692
0968262365
0994495056
66980639785
0918574419
0985655339
0857969920
0917393853
0802413755
0856654540
0973604527
0846910315
0869908679
66915159456
0909167246
(086)4061259
0951626696
0996149742
66974266415
66818624886
0944424479
66642675936
66872152205
0821133377
0841948432​
0871219978
0891766484
0952527272
0945692635
0857938604
0980179322
66970623502
66943344296
66971160790
66616682894
66885623109
66958573758
66875532343
0835446465
0648317189
0942899159
66897997926
0646484531
0890299935
0837537080
66992818222
0992463566
0815873896
66868246235
0896162154
0891456019
0991077239
0898323543
0816295939
0837457700
66848582150
0653560119
66984137568
66957974224
0955594554
0934246190
0915924429
66812960016
0968767686
0864004821
66901556991
66817645969
66899695050
66959959395
66809002360
66807815551
66955924269
66621691551
66982643894
66873638307
0818950191
66855165919
66925622228
66817858165
66961459782
66655866524
66878648345
0900593945
0819894691
0627726555
0624561777
0656654955
0800754498
0924665490
0622636545
0933988237
0811725992
0996740523
0984635986
0642202752
0994070062
0907461539
66839813373
0952944459
0909624869
66857341755
0653258039
0896594434
0855533677
66870851630
0843463787
0836309989
66867223032
0982609445
077945285
0969164239
0954249242
0863178822
0924665490
0645938883
66866249532
66928348768
66984466693
66944209935
0979752469
0952133391
0625988895
.0863279766
0811706039
66993231597
66622645666
0833053420
0831888269
0812919705
0623372451
0969259396
0949233001
0628295366
0949498956
0859294289
66892662492
0951156478
0991415356
66851881218
66882690864
66986914961
66894460705
66885282208
66642494498
66972347354
66616253435
66993259999
66944465395
66661165646
0818564474
0818131968
0626969826
66918673376
66891101678
66909764668
0813718282
0848662018
0853510666
0918717788
0814020764
0620511412
0840508354
0654964955
0624646516
0659639155
0898754190
0878838819
0956598239
0653245656
0646563539
0919235519
0987799466
0897343269
0645273514
0939426491
0971692529
0830755699
0897776593
0863819436
0867118191
0854088881
0863786470
0931936298
0926326154
0812553055
0652622923
0818391944
0988306407
0899208022
0617939871
0830030768
0631918544
0844366587
0834368418
0836499960
0632524724
0616523205
0897712771
+66947490719
0967859651
0938955157
0950364896
0892519344
0807169089
0844682662
0641426462
0819712422
0816957111
0895462455
0945497489
0899801883
0894351116
0895635869
0879374323
0819449902
0982704757
0839814616
0854856415
0638422226
0859796758
0843537616
0819061471
0865630541
0818243647
0930481180
0639622664
0863931990
0931905588
0821885589
0936693322
0986597789
0869750737
0966453956
0922258333
0823435290
0872352220
0828951699
0982614402
0891118498
0842996954
0935956395
0942496792
0949922965
0994698294
0837890989
0812399154
0955459249
0655190365
0925465536
0819301935
0818336625
0642237333
0926047373
0947175772
0651651456
0863993523
0815571777
0986494144
0951657633
0815799696
0817206909
0622424553
0826646665
0624144546
0818078549
0657066145
0863030181
0970983814
0877839824
0802459880
0842282669
0954644246
0914994616
0878763616
0946541624
0876282009
0802136718
0827002735
0894780606
0860181888
0985897838
0875159322
0819128281
0810182909
0812750789
0966989226
0887968888
0841347334
0819186002
0922626332
0654293999
0901919899
0814007996
0810963423
0812626626
0862141437
0616566383
0970352475
0996209012
0625965150
0818879942
0994454964
0891661061
0847969669
0937415188
0871567428
0868316696
0933545996
0842651498
0863631132
0882529296
0818337447
0816682845
0895895697
0815662815
0814553888
0818015467
0816161998
0955642266
0863694235
0981038629
0651546456
0914693553
0849136466
0817000750
0644487755
0896779119
0896889782
0624783663
0957893539
0881656454
0949789236
0846811777
0630630412
0980032436
0818511921
0655171252
0902729692
0981040873
0801702110
0819980173
0949879882
3329900114
0645965669
0642879541
0898974143
0816288389
0818570958
0979215849
0613801796
0832253408
0980179598
0877862420
0819138862
0985858932
0819890155
0615624491
0814264491
0819462808
0906654235
0878336247
0819110781
0863935880
0895105552
0882952863
0813495885
0856509276
0633244978
0862907066
0983874956
0847959495
0945533776
0896257931
0815910554
0925625111
0876617877
0871348231
0862235307
0814946664
0836299471
0934939966
0873804060
0989646245
0945659393
0821415838
0892958666
0614947491
0939301702
0857555363
0854281559
0982702878
0810554564
0621659242
0944850383
0877059505
0982474141
0610510059
0649292246
0869937098
0649503666
0801072181
0891312104
0657464955
0943472424
0896963663
0868946878
0897497265​
0886806040
0819243955
0951635299
0824694454
0871115619
0856154998
0895757900
0945365465
0984289459
0885808135
0835838923
0636164987
0819144941
0624285916
0849942695
0941798555
0952423564
0830627791
0971746220
0985464156
0816091866
0966451462
0887524740
0941257941
0629415639
0948655517
0806936515
0831773880
0847547779
0926365495
0896111755
0991570646
0800956950
0624580027
0645935465
0815616104
0878373511
0808043874​
0616618357
+66956515464
0869993367
0892056750
0818425918
0910417156
0850929999
0982710019
0958093828
0818170366
0982636572
0610265089
0615731293
0818027560
0643092999
0945561645
0972843848
0841185645
0610260619
0865259725
0614030608
0939459498
0859965422
0994852613
0814669805
0854165888
0636322299
0641956492
0951550563
0830745889
0819683115
0868983153
0897878673
0824454562
0863889963
0882821789
0926266195
0869195890
0895149600
0875500998
0845698090
0869009196
0925166336
0926835093
0633168585
0818335336
0894802774
0832938983
0929691876
0996246174
0936699653
0813414344
0984167136
0957726982
0639654492
0891861313
0653873859
0986615351
0818185545
0802398236
0980032436
0897224995
0622298800
0818111690
0897101456
0897102400
0897471114
0918544907
0991492164
0816550922
0906107843
0837537066
0809635419
0817211493
0866962926
0815438778
0959494131
0850724355
0984947419
0855522586
0899632307
0863884521
0869663305
0848327476
0830375577
0821150034
0633299193
0629524559
0817637862
0817995898
0611717226
0908681116
0924565632
0863606391
0850845656
0652614029
0631949663
0891456019
0642163888
0868856309
0889715369
0632124417
0815530051
0812573769
0623128017
0908127657
0818926621
0617019354
0843334400
0834172112
0936682543
0647393748
0857070696
0637713546
0890393194
0818464376
0863939679
0949244025
0819330675
0969539982
0867647291
0876658444
0984942642
0918811730
0819454153
0619616366
0615860228
0836309989
0615421507
0956357185
0857090179
0833145695
0631429398
0649471541
0814674365
0955495199
0630420737
0994192642
0865262583
0869401904
0919354561
0830169339
0851918585
0623653629
0891658075
0896863329
0850581908
0816552778
0897455856
0895133881
0877247910
0897769904
0622430045
0885902054
0883689008
0954938945
0818975966
0831188883
0637241991
0849115675
0953651530​
0646945162
0814490752
0615942292
0884916389
0832816665
0813469191
0972375848
0851323011
0611917859
0948796478
0813724505
0817486409
0851802811
0814828893
0890164676
0615299494
0981478787
0819795251
0863584272
0656972788
0805308448
0917966451
0892507854
0887614960
0964539662
0938764859
0840633463
0819474588
0942899159
0615324465
0934646935
0949979229
0956387894
0957584633
0857064868
0819714229
0892244778
0993021997
0636516598
0881108169
0945392896
0650901758
0933248818
0635856642
0818180745
0816367220
0658249829
0867937333
0945319463
0879037469
0806022263
0817271328
0854458881
0209667789
0846198888
0877455109
0972644790
0944983878
0945466774
0880785332
0949642642
0871221302
0997924916
0899819983
0930159461
0806354818
0870811394
0936989554
0939966544
0818189492
0612429566
0982852385
0860601556
0888836955
0629698914
0997855165
0802858699
0811225512
0946598991
0982856801
0994096585
0810340999
0882058630
0871335698
0613895225
0907889929
0641422499
0868175628
0988292674
0899839049
0857599483
0879909555
0892163119
0879961616
0817409129
0825626293
0921164555
0918624962
0910043648
0639503637
0854287699
0937527711
0840575797
0816423335
0806715899
0849487948
0982699391
0870015963
0936982713
0822244616
0816184229
0932362362
0880926175
0872898849
0954263694
0896839960
0855165535
0852900268
0812701323
0832654156
0612608828
0878807248
0868290027
0840075525
0632277987
0653951978
0958234563
0645054969
0901016545
0642892261
0994636265
0895559012
0925857954
0819441479
0822619502
0865287936
0827286213
0635145842
0877683833
0969874566
0897172276
0905144935
0906972335
0870045000
0890684345
0956141545
0918311981
0896269547
0653941926
0328997267
0944294979
0819839124
0980164727
0863692622
0899921127
0968100888
0950023863
0875950549
0625789327
0892046382
0852888225
0634654592
0866353965
0614599266
0819100027
0868826896
0895829213
0922633995
0887839556
0946366153
0871146321
0874091400
0941149070​
0863435619
0928519502
0827318009
0863988640
0992653951
0819191810
0955589319
0625953296
0814895544
0992456919
0891489586
0906848882
0877047279
0618966636
0839959332
0812089596
0629394236
0935793563
0922179888
0819006622
0651561595
0979591444
0839176628
0842361656​
0939891050
0845207147
0819878763
0879996465
0650438319
0859222333
0636969695
0861203890
0872904009
0932462451
0817053802
0636495955
0926205867
0655899624
0887900642
0844283392
0909795428
0992423547
0864901625
0864095932
0971272027
0989454629
0917768359
0863792508
0622415628
0819448876
0659141947
0868924079
0807923230
0935788845
0813978938
0843848787
0806980898
0895059779
0800456911
0990363188
0868031891
0862828383
0811365457
+66615641663
0982654768
0895296762
0914379191
0981179786
0902760569
0816455142
0961424669
0898145726
0818964011
0895428800
0630736765
0870184170
0897183919
0877974627
0862090500
0910626868
0870069882
0877902936
0980978561
0626634488
0831946808
0835971942
0899338618
0882716307
0849088766
0849271146
0806863344
0824542899
0879551230
0815327113
0816421054
0633422419
0860864973
0817798662
0883822900
0956433752
0818263638
0897555111
0894284142
0991795115
0814492989
0864676242
0981516369
0909892065
0886232965
0898118763
0660655098
0867874465
0876963233
0833956269
0952565185
0819031872
0890631571
0928070699
0819066004
0830334407
0803296447
0837018374
0972957132
0957645248
0950059579
0645923458
0935737333
0653879862
0869456820
0639593624
0813541902
0650498265
0918436350
0959295366
0623085759
0923676662
0843101802
0959611553
0818322380
0640451870
0623562924
0973656245
0818437585
0814006584
0855534406
0894489345
0815626904
0623234532
0646086455
0613922264
0824864499
0849323466
0884222335
0638195445
0928929792
0649891559
0944192622
0637960356
0813402856
0925395496
0910041388
0925974441
0875091901
0616352699
0818113742
0985658591
0613311432
0862962211
0922616548
0852507589
0924518998
0850997279
0851691666
0995153542
0830911992
0869996626
0896265305
0992282299
0832181262
0872410141
0846612817
0958054564
0924965156
0984547495
0818262795
0951870662
0836144532
0955645926
0647399708
0629594222
0800663880
0873177542
0926935642
0891497791
0866778341
0891122002
0853634666
0922489390
0894392084
0844562554
0927539997
0987145641
0942724969
0910479797
0936302492
0897770253
0819306946
0632264723
0917805761
0861917405
0882678166
0810930179
0898216944
0817158460
0877170781
0819336524
0891078778
0870530965
0854976365
9879793554
0892220447
0923282655
0611462495
0922832807
0939265159
0865344890
0869222665
0618914559
0840755035
0955626962
0847799458
0819769068
0863684022
0991649426
0628811555
0985629897
0891766484
0822950428
0814455325
0874406999
0622921991
0982200955
0843752399
0988288578
0956592698
0992356926
0985596779
0615423916
0914805555
0814303730
0635836426
0898971384
0922931987
0818605696
0968531545
0896738892
0826659932
0892296556
0815508270
0832692364
0992291591
0945356163
0835778528
0894527016
0986982454
0899495527
0862249250
0805503003
0852516226
0863885833
0972046757
0800481800
0846269566
0819156848
0819027180
0836915596
0804109991
0619591545
0906565590
0934505492
0992698224
0857311516
0954487465
0626388897
0819727871
0863626454
0874871248
0917915584
0881171669
0622244766
0968922205
0987142646
0994446536
0982466241
0811300433
0872175454
0878415075
0810629662
0836636629
0905653644
0899256778
0816418899
0640412929
0819040205
0989453932
0813204712
0974262624
0970635063
0851476226
0927166604
0956869615
0935833709
0984546445
0849826956
0831901593
0860259519
0656615659
0808825459
0899421903
0636547994
0952895355
0816289291
0623591911
0826262465
0860119340
0814422723
0985353228
0656366947
0882447799
0648954492
0628742934
0839633030
0864105534
0967857899
0634954964
086909050
0924420007
0874592351
0863597735
0874665225
0818800778
0924696328
0836515166
0965422245
0959030095
083542653
0897622133
0639859997
0819916471
0818417428
0902598239
0843621880
0816403304
0955654782
0982878621
0823999753
0935544965
0817056688
0971361916
0851349688
0887954645
0814885153
0814156656
0807045864
0628582288
0818953870
0909742405
0984153326
0841870183
0918537864
0656654939
0936914645
0815510236
0624642287
0898498149
0986329795
0985755809
0816979242
0850070080
0909931769
0918824049
0621425779
0814856975
0858456000
0909811945
0822881544
0898164100
0816181721
0895045320
0896704893
0892041922
0868995551
0839970263
0867609204
0866582739
0897807292
0869894322
0870204822
0943413078
0817837922
0969747923
0936354040
0929239656
0830832224
0817538901
0616165956
0858542223
0864489059
025817900
0988838442
0863413248
0938955156
0869206310
0982646298
0803089558
0805669674
0893600978
0974462454
0889599493
0899257655
0865007246
0817346824
0900932819
0894636181
0849974978
0961142531
0891156768
0985658591
0910494714
0818854305
0843753482
0982765605
0956546560
0896750393
0833899458
0935755199
0951486174
0817539009
0815407181
0953241545
0614495539
0959538975
0824336884
0645563646
0945146264
0805296380
0909841917
0852895259
0899221329
0863473245
0616356428
0983093186
0909815864
0635615442
0633296399
0972466249
0639398668
0929491655
0959161442
0870905302
0649983535
0891212673
0656093160
0917599933
0647325333
0957206475
0937696411
0894178495
0641964224
0649500922
0985636594
0869741305
0632048739
0894799009
0984628982
0621166988
0872449411
0901057865
0859550778
0818329057
0870454534
0813449768
0817915335
0896363255
0822913569
0950671635
0963090860
0905562642
0869646840
0653953565
0818053000
0833598000
0898990682
0894677207
0945652254
0949197546
0617982464
0941922661
0863060432
0918941516
0891149192
0645196154
0815146994
0942419125
0636527846
0939535651
0889198929
0617890200
0811414558
0980057003
0643565262
0851192929
0918818034
0863395199
0923787912
0814129774
0822693944
0899639956
0984244294
0899188121
0993924664
0950341056
0979866619
0870926264
0915631839
0839351426
0853352650
0898882952
0626249645
0897806190
0853472329
0884774089
0831376168
0935654535
0610206734
0817893452
0868140446
0647890555
0818072489
0818334427
0925459522
0800566065
0923348822
0805059344
0861797595
0868238982
0804218838
0813665471
0846646695
0863108384
0912681211
0819544303
0814553854
0936493629
0924440595
0929791597
0933269571
0856521033
0876983170
0626456514
0869070303
0824456966
0881653165
0884954999
0623247628
0898148895
0635955329
0836874954
0876339797
0860579023
0815500554
0819299100
0814504456
0819843910
0891132532
0924286455
0945504440
0624908833
0819455668
0949922244
0859560067
0852647755
0829795153
0616462449
0819418200
0622622462
0896376420
0907461539
0616909795
0938795955
0819349644
0819455338
0647484540
0654569652
0862817318
0638975198
0843235520
0622242896
0998176281
0914704727
0875169148
0819671277
0915169595
0935793150
0897125595
0877843337
0932897498
0818473299
0994295599
0934989142
0862630172
0646455553
0805415397
0952737896
0992928245
0804269565
0878553557
0808043035
0914262295
0883551633
0918941516
0631492878
0959794542
0626895551
0620893987
0862020643
0643155454
0955267227
0899271101
0860629212
0857335259
0821834583
0813570013
0846628484
0956269992
0942092088
0614805797
0847433354
0928244642
0817991441
0891461159
0808074292
0816425894
0874592299
0862616691
0846187877
0902896363
0818205474
0816218559
0991824461
0926329545
0831179030
0860804494
0805888070
0815899600
0984634936
0926399496
0898288759
0958636256
0890473603
0631574647
0868841481
0850780038
0874021359
0612954562
0617159615
0647564424
0976916365
0870284018
0956050404
0813268669
0898960255
0897604660
0946535624
0979741595
0616416913
0973346589
0926966265
0856624654
0877223287
0625803167
0840162205
0642894566
0829462839
0841382099
0898446700
0830104148
0872881233
0834654872
0631388234
0873858568
0882277948
0873974605
0829166442
0802642356
0971321332
0855924965
0899299012
0867796446
0863813892
0933979824
0921077484
+66970741475
0818553288
0902939645
0892315129
0652146569
0860098014
0950051415
0646625636
0812736770
0816428228
0918579989
0952636546
0922567268
0844277892
0658265991
0837717771
0863565363
0887863447
0851180655
0910307667
0846592446
0860870139
0613455361
0636198742
0986492322
0868945656
0840172440
0922650845
0815324030
0876799366
0867399258
0866883499
0986961458
0887879923
0922962442
0818067599
0846921572
0813493399
0959076209
0870630356
0820382079
0815677353
0653297892
0913206931
0822230435
0818806905
0656362256
0941659897
0972465644
0633365361
0654195952
0826498987
0869059497
0935845440
0930979875
0626414951
0622822656
0865163925
0845440159
0624289424
0865490588
0819088769
0852223998
0990399070
0832328245
0926914646
0863595101
0817986229
0929242655
0935743043
0988474027
0896679216
0870021461
0949561956
0863042407
0889456389
0866866574
0876874579
0878936641
0832329459
0903289636
0955451950
0622425441
0918789563
0869767042
0896603234
0847321991
0929249930
0828000161
0948283336
0945539016
0870701665
0812787781
0870882158
0859399047
0922654544
0936922694
0922605264
0897359995
0883276288
0625457646
0639695464
0972456418
0963685556
0628253594
0868690330
0870900408
0644922995
0944635624
0814565166
0889564229
0818668841
0940451591
0945643624
0810945753
0813769758
0955165599
0925071522
0900593536
0897898160
0992456677
0896411955
0652378688
0632456855
0864156318
0646155159
0898289558
0890279537
0896818810
0863977014
0856959696
0819952300
0923643554
0812877735
0893566594
0826454289
0906152043
0937958593
0629395965
0649949879
0989356141
+66819936199
0824040119
0947820099
0855166635
0951358154
0812745314
0879759654
0892453692
0800344122
0935879494
0893296999
0915275872
0949246912
0950426983
0964381116
0831586664
0899147179
0649395794
0979744220
0853644459
0885558129
0858909682
0814001497
0621243199
0971497305
0855211588
0950369498
0896944373
0622947356
0818841312
0859991654
0647854571
0892774695
0806033251
0924441748
0817324589
0862465919
0614159494
0825856053
0956540628
0823648207
0943194968
0830605798
0659232894
0824884769
0985787574
0612266541
0819871566
0836496654
0952844567
0817351650
0612210712
0980949393
0853347165
0863378908
0907829695
0813725722
0895511564
0834731617
0985144133
0628794222
0815464599
0895742110
0818031861
0970471358
0981056223
0866482559
0810907055
0849087151
0926659424
0917045429
0860990855
0918651014
0987455169
0817532089
0939646978
0868399751
0915571949
0898156734
0957016425
0857239094
0935566989
0628249623
0818434241
0928963134
0922393655
0816770921
0642415619
0935879010
0818627454
0626982622
0946936446
0992835213
0818013020
0895600158
0852039419
0826055738
0899640270
0801804266
0816081748
0810200480
0808717988
0841432797
0897428262
0619289249
0837262900
0818874494
0888051786
0875662455
0956596491
0879918677
0831232678
0887825546
0826908513
0816594244
0640198910
0614982691
0875422243
0952481596
0622829495
0897414395
0876822197
0824581629
0826632616
0814819952
0923722656
0963368964
0953653214
0619564425
0846648920
0870338786
0894282192
0921956052
0825655656
0865441594
0949141536
0923714463
0882935946
0987038942
0894934599
0866639473
0881549605
0899331932
0652359929
0896773787
0814983199
0813409955
0818496929
0919166555
0825674288
0890195865
0859077853
0805425222
0653966392
0623545854
0815805842
0818256533
0899919105
0991738333
0839346013
0806122699
0918144567
0881516419
0642962963
0926695596
0810616395
0879079665
0612879959
0895621680
0816596989
0991629595
0985389081
0818258197
+66941599536
0937722971
0994561454
0913917576
0876738278
0815705709
0896306877
0944878855
0922809847
0966235259
0866916595
0922606389
0659155067
0933646924
0894429651
0958262358
0619949546
0886297978
0882937220
0806374964
0841118749
0914162222
0917093744
0875624821
0876678646
0815556496
0831769882
0992583409
0818424531
0976241696
0869883857
0653560119
0935452569
0854471519
0859248926
0860515119
0815358015
0925695853
0611762615
0933656462
0816646632
0815620021
0866066492
0841680724
0947786979
0946566635
0815997072
0988951415
0897642348
0954298756
0918672251
0621905792
0972482454
0939466550
0890188529
0641843079
0633398924
0870817807
0863098798
0898738782
0835991793
0949414941
0800785883
0897471114
0866243559
0865813004
0914654265
0816492670
0954799823
0918251182
0816622075
0841532437
0817015766
0909466964
0855732625
0988597437
0816321734
0851555681
0979214895
0855258508
0871231230
0621659422
0897838398
0909611515
0945962569
0877555433
0987145641
0816680710
0981435300
0898046965
0814935699
0862031807
0955369145
0871313099
0968905350
0908913456
0650374647
0949959645
0945433113
0616524554
0926155365
0635232256
0811003093
0624419654
0831094598
0868326233
0835578398
0880969455
0620836378
0861806953
0897502063
0614245565
0836592956
0818564474
0611564296
0803565462
0612484429
0877883905
0881566541
0922804549
0656656562
0831130179
0897565559
0821797078
0945244659
0819421420
0944983878
0993264295
0816906172
0831974529
0626465269
0844783344
0919565147
0824002924
0878763616
0878378586
0813511680
0956088889
0818601126
0841159200
0881782039
0918583608
0633928997
0615492397
0656756454
0846535181
0950704791
0917573301
0656362888
0805897740
0952563596
0813401563
0889564229
0989289555
0928726549
0839031548
0871747330
0959704718
0614186619
0902249926
0996426539
0896605281
0628624562
0841204359
0867998022
0935314397
0909900192
0999282242
0860477053
0810605550
0909794071
0874528692
0648938462
0643068189
0902249669
0849184656
0815991936
0866062712
0819345343
0816174504
0645942615
0939246561
0939133795
0898346437
0844664442
0821155547
0644988682
0954654171
0933264644
0886867383
0656756454
0617989254
0944136516
0994266424
0989914461
0806324151
0972348900
0970197285
0611928296
0639515566
0813091946
0906923561
0929561615
0901810154
0868458003
0929478746
0991565693
0899041963
0830717003
0896099449
0636628242
0806229907
0659959553
0816666388
0937363671
0894241445
0903794359
0899565424
0817518799
0842528574
0882615765
0632493982
0995594142
0843206394
0816596373
0826332992
0936636265
0885150928
0897590146
0805566966
0868286775
0954798824
0615086589
0812872436
0981841969
0897850726
0856263890
0819609621
0867042428
0863368015
0829168041
0653487462
0657326199
0629562490
0860515709
0857817870
0828451805
0929826163
0865616542
0841615999
0990737886
0909922611
0646642262
0973289145
0926659554
0634586282
0645966596
0816905296
0644459355
0876566872
0861733968
0874950067
0639195626
0813923008
0819119695
0944469042
0661646598
0818809120
0862949336
0899894565
0819942723
0951168520
0624699824
0818562249
0936597934
0873147472
0854852313
0873571689
0953566461
0996269656
0830127174
0955078131
0860592663
0636261492
0924453564
0627405449
0892273433
0619265178
0844151546
0856699499
0846529107
0632197889
0863436973
0916491243
0880296492
0942596289
0863533514
0817661915
0833309695
0801155238
061​3273011
0892032265
0966414429
0615612956
0615459325
0869013681
0819478966
0836962532
0836922244
0885624239
0818072268
0986166635
0621138185
0923957314
0624491961
0928347558
0842192754
0818117435
0918455992
0866775563
0855582289
0918374923
0802659822
0639252949
0631624615
0949944519
0817111622
0818561324
0890262987
0653294541
0819676659
0890434045
0816968885
0613235491
0853853556
0876173993
0971946654
0813475302
0852424754
0814295454
0650969878
0852119988
0846619519
0819757752
0896025654
0897888994
0832456155
0815864864
0828021931
0831877311
0890424897
0887511592
0867703063
0615593544
0816858561
0922651983
0644452323
0818087550
0924136229
0894188971
0622641789
0944684487
0955163296
0954896498
0895913887
0897829975
0991156535
0972644149
0944424479
0879093555
0897330717
0946289729
0819580105
0871047148
0636874128
0826515199
0878064844
0650317972
0941595696
0850735422
0989496632
0917258497
0616926295
0858263844
0822619995
0859269449
0847181072
0819419355
0914407306
0949411221
0836924987
0869366111
0969192736
0966986789
0637769977
0633875409
0858570857
0631561424
0805545553
0626292544
0929399789
0653652466
0898833132
0949628296
0828396645
0935426419
0959469698
0861726939
0611565545
0926892222
0842325649
0860163715
0879543187
0645515465
0915455495
0635403280
0918924944
0991485888
0801923687
0863552462
0979936555
0863436464
0930287587
0806989472
0888370331
0986708582
0649962211
0948854458
0804629955
0814359624
0814488253
0818272978
0810937920
0839528659
0953720388
0616649356
0845465481
0929154263
0909739735
0817091516
0868665666
0853201721
0898772069
0899077937
0846529107
0898321283
0639879256
0629846020
0891303322
0841191118
0959188919
0815939646
0863704697
0829909407
0623658265
0879998616
0625644593
0861716839
0631699744
0812901484
0972289656
0955245635
0937231101
0637919137
0814664195
0935832295
0897015896
0658265546
0879962759
0909942996
0818735595
0800624546
0939398368
0656875409
0617959459
0862078351
0925599822
0822171950
0981070072
0831927389
0966193991
0923505615
0644244400
0818682588
0956182655
0638635427
0929359915
0930139999
0867917917
0819924393
0896046265
0955602649
0811811955
0946924696
0873952126
0935463151
0898199527
0842941549
0800343723
0864299166
0910108465
0898878487
0873318686
0955719432
0967767371
0956424222
0989325154
0924535514
0990737763
0814713547
0641941553
0631288839
0935812367
0659941982
0631428291
0949169529
0885555279
0945010713
0956239348
0992985454
0933932665
0992894668
0986711373
0629646241
0953922742
0814474825
0817772786
0856347878
0866611525
0863233059
0873912202
0858424073
0935424299
0636359992
0952363569
0894193825
0940399399
0615365664
0851669060
0994926142
0645914599
0626954945
0963962946
0859590628
0818313563
0896646326
0830602939
0979945695
0951626696
0984106057
0922543682
0953687173
0879896236
0955091166
0803987986
0650923987
0835193698
0936451654
0813681713
0819650012
0939303526
0629942936
0834189643
0835768886
0926698393
0643514247
0858384854
0890784534
0817727644
0886065113
0895162216
0850393945
0652398782
0642266241
0811760665
0888744844
0956948159
0877193443
0961269606
0642456541
0614424194
0864815396
0628989146
0644789392
0921644541
0804463980
0844490018
0949852661
0969781840
0850349985
0922895654
0942166908
0896721321
0871312854
0928624373
0909263945
0981545242
0972700594
0838923222
0954934224
0934939694
0820188745
0813716135
0893996666
0916363656
0856613057
0994919663
0845753377
0634286244
0844547759
0804144275
0898126802
0937699656
0636249852
0849799244
0860611887
0859533861
0979464565
0963091935
0876988979
0810861618
0620426496
0994060593
0615181266
0899272977
0945539622
0897941407
0973505995
0892979804
0838164900
0615591699
0833484404
0843830114
0655351808
0909446909
0805543113
0869610241
0625786172
0818217243
0849254245
0969592599
0897837104
0879122150
0814564071
0830669866
0818478915
0891322330
0995728943
0614948995
0892107311
0897897388
0956615462
0843722722
0814329080
0850880594
0822680028
0899971220
0642292498
0819745905
0815545855
0867852297
0930314487
0844505664
087798011
0914191595
0851995555
0817135521
081573213
0914287946
0992790666
0815350431
0969036359
0972423536
0815693357
0858225389​
0896328398
0654269429
0902596336
0971580824
0933165414
0879539184
0969426964
0821043404
0821786221
0998565551
0954059891
0923788383
0988256384
0939815664
0638861364
0818096864
0933876926
0830071723
0980465198
0818682243
0992593569
0852499514
0954397215
0890918945
0990827149
0867999439
0624459465
0836155595
0814992886
0857969920
0621979786
0869419200
0925544988
0629592323
0619065155
0615648617
0954982656
0958657165
0894584279
0818817481
0922923591
0949423636
0812502526
0611867711
0985867155