0936468381
0876206076
0958951009
0649545464
0933232426
0861717042
0879396996
0841833090
0649596887
0636380998
0895766766
0899255625
0899844655
0864610763
0909616541
0828999924
0904998850
0818522668
0846750888
0631619559
0860235516
0805562995
0876220944
0819284555
0894846699
0894167570
0958408048
0988646062
0895499166
0863663551
0652964559
0928610329
0926146694
0876593238
0946268502
0813854951
0871579676
0636659664
0800894958
0863616991
0818144539
0819494961
0891212424
0899287235
0863497714
0898956914
0954489733
0925989595
0858764220
0888288804
0818497365
0928200409
0938976831
0843542254
0928696416
0898916455
0819539964
0898838242
0889564541
0655469856
0813456463
0935808374
0824079996
0922502191
0927425159
0931942289
0815326242
0634933265
0944962451
0874179789
0633413855
0936266663
0639099008
0934536651
0650529661
0969060962
0908627280
0616536922
0897628782
0818422589
0966917965
0822999696
0631624244
0849414917
0834546198
0624043555
0816493868
0944037389
0946699656
0862679928
0822531049
0871586555
0644164042
0925861551
0624245665
0934255356
0828792832
0647325849
0814252732
0654597922
0858413121
0894427372
0982656821
0892453819
0845556759
0818198939
0817231981
0861703064
0648982999
0814594112
0949804168
0851537460
0863933622
0966546195
0931452542
0918872924
0972406765
0971542453
0634626536
0834616395
0865351413
0855287896
0839797462
0634154954
0942915464
0618789639
0894807669
0909096419
0815321443
0922526856
0626986383
0876859587
0632182929
0648982999
0815804555
0848514352
0863355934
0862679928
0819159803
0962616446
0819231517
0994644558
0818664296
0991188345
0898400802
0642266019
0845959362
0846666550
0934422236
0839746516
0639282695
0649761568
0928539626
0831939615
0917874149
0631481045
0936682940
0980271178
0847513114
0816557575
0935808374
0819458884
0845966145
0915419229
0972398022
0617978298
0948961458
0867442620
0914140454
0818971333
0621926292
0832224347
0871026348
0863261105
0896610805
0815539316
0612971488
0982509685
0800835000
0856733796
0962399898
0966142924
0972023347
0620185069
0882201560
0909364939
0811770394
0826393951
0845164662
0819797152
0649651928
0904688896
0879875206
0872377633
0626511663
0957895442
0858411893
0852081147
0821591996
0859099944
0804844470
0885632245
0899193569
0817701914
0896914489
0863538477
0971763690
0810493455
0891223319
0840626590
0874668106
0988392321
0898677845
0888833557
0631124001
0805466549
0909291545
0876552457
0854329178
0614186177
0894430628
0860853947
0814223036
0654426964
0899279889
0626462922
0952915557
0819233178
0816523099
0942425678
0839663942
0987549374
0825151018
0838969366
0892325325
0661639656
0972348900
0819752175
0923498099
0901993564
0994246601
0801349919
0989900797
0642566111
0996245169
0885728451
0961893188
0922933338
0818189492
0612029573
0811449594
0644988545
0819162077
0952464585
0981123151
0862105424
0972521434
0619857788
0865656333
0818877545
0646435646
0970455252
0945462033
0932469361
0954419395
0892507888
0649787149
0808092968
0873206688
0816221716
0656646463
0863335244
0894781034
0985863969
0934685807
0936514926
0956109417
0854935666
0805606467
0852918372
0956156639
0930181353
0874042676
0655424665
0896818111
0964040228
0650563993
0615743165
0874556446
0896903777
0860519527
0848462938
0654691942
0816945552
0952963645
0816282442
0972345542
0992362494
0830647740
0871808405
0816852908
0815779855
0895844777
0971479947
0848214044
0828386446
0936734631
0818708911
0898586149
0840050654
0881142610
0921694999
0814078990
0860298742
0935321616
0973538181
0812611640
0968793559
0935787049
0632326999
0937830222
0922828424
0910373555
0887601841
0965729262
0865142842
0835363353
0631631826
0866741168
0611788898
0817641532
0815626060
0817489577
0818868050
0896046033
0846999129
0890033674
0858299165
0612295494
0850124478
0982235922
0646636289
0870416246
0902360108
0946566323
0819245803
0894299399
0654391994
0942964991
0875624444
0916799929
0804959645
0817052198
0922691596
0655899624
0822946149
0624567136
0944949838
0818147271
0858884345
0944941228
0914564441
0805655718
0867808505
0626922959
0990988826
0818263956
0813520467
0816664851
0809863125
0652569199
0929879155
0615651945
0656451925
0815658224
0829353679
0817983444
0819118649
0858426150
0858046221
0885491834
0804784592
0854608638
0836324951
0806184682
0846666550
0632653586
0954692393
0622271023
0925763677
0832027821
0879981533
0996147897
0946013055
0828965789
0951935632
0878574661
0642246194
0989597853
0649532988
0634798245
0619829492
0981386883
0862748953
0946366952
0909867767
0873393550
0875662525
0820762525
0917327948
0813049904
0905599441
0870589765
0982483599
0942356297
0896704511
0869386060
0868698284
0863935983
0841874991
0629965568
0820044923
0947956214
0614841999
0944666362
0876518992
0818620455
0898051054
0852582445
0871785524
0874494959
0838563535
0862105424
0616192442
0949068884
0989856482
0816345788
0819998390
0620494488
0983615429
0958893920
0924999591
0657892924
0817993857
0837275237
0816258788
0614235656
0974426591
0946534239
0868868677
0944492295
0896652421
0825324914
0972075090
0927492666
0869424993
0869934204
0929598828
0922526856
0822245455
0806393479
0936368383
0817041116
0933925593
0894695978
0817550258
0828420994
0922589897
0862748373
0816428946
0945199946
0830163017
0819539964
0927816589
0979919539
0968822240
0949321119
0823246265
0992042092
0801936265
0819663669
0899768916
0622649565
0853992864
0815108201
0849332336
0628902444
0828887889
0880999896
0818240710
0899564445
0984922535
0819395363
0943639359
0985620602
0933285977
0876493188
0828707799
0840881886
0813863209
0816205552
0810854423
0847513114
0890878945
0899426754
0847524424
0868824950
0936982713
0847006842
0628651113
0813516514
0875120276
0993522526
0990549326
0819263216
0642825599
0830088476
0819899572
0945914126
0819998222
0818045114
0830142783
0888987665
0817912024
0639563559
0854435968
0982615264
0649702493
0862364096
0991454954
0831568696
0812670762
0615496328
0898961127
0953687173
0892992109
0850243390
0657348612
0811528734
0922499192
0861298909
0909249527
0647414563
0862116969
0827772545
0959395914
0898374426
0836366351
0818561324
0897334822
0854497941
0933294949
0621499735
0645392496
0850219203
0879277533
0868439979
0891279651
0806514460
0935453332
0819101718
0818126139
0812347623
0953538689
0836446565
0955326199
0878027045
0638635427
0869607583
0857134620
0979296455
0816824699
0625913174
0905209124
0984291520
0619366499
0817018601
0986807499
0868649811
0626599565
0806211621
0817349443
0948793266
0876011457
0819621866
0842289656
0983632262
0926013772
0994629263
0847511510
0641989236
0859165424
0658650111
0962946641
0954045959
0988948982
0971182566
0818269787
0924864445
0813124422
0947598894
0642896391
0894284142
0924265689
0624646387
0635461992
0819495335
0885838099
0649389803
0949494264
0993189752
0813001563
0967296014
0810354787
0990790275
0980142125
0880006855
0812695243
0897896013
0822454269
0863825433
0855165789
0818136787
0963654656
0945985194
0930501655
0954983663
0891761497
0960703063
0882086475
0611535163
0876493188
0989136266
0886178968
0962397465
0651955145
0906639626
0838223388
0892931088
0831183553
0619320776
0854272138
0616159891
0896025654
0877957958
0831589979
0619619789
0898913866
0927956311
0885491834
0974895656
0994299398
0897971552
0815782552
0864334653
0926041115
0963920086
0812991909
0956729112
0904688896
0877211959
0891408409
0970029759
0624966932
0639426394
0818155963
0879778731
0837009006
0924251368
0646450146
0844485880
0868483999
0891345912
0942915462
0931071158
0937491449
0898769494
0643537792
0814305700
0894599967
0846989828
0979581595
0947872452
0954692659
0820382857
0651205693
0652296499
0871445866
0994644558
0816556115
0863934417
0844472254
0816869197
0819452377
0818964629
0624467329
0954294961
0625656244
0818506766
0804142493
0895611417
0818944851
0954932014
0927133355
0844511088
0818592564
0810644433
0864421733
0982929250
0939177582
0826899923
0935292282
0642495144
0635936241
0854441125
0890590111
0840626590
0642466989
0831615935
0935650542
0971796346
0619269993
0815671559
0945925529
0902942359
0886301971
0893929932
0860908636
0818042510
0839865787
0847401734
0801141525
0972395655
0862993616
0659016331
0624146254
0631973717
0929950511
0987809803
0818216575
0816326909
0892920084
0909736071
0801414649
0995423569
0892012005
0895477015
0921818406
0818379933
0807336766
0954945948
0899622378
0890603930
0655261922
0850301464
0979879651
0818051225
0894993814
0882086475
0909075455
0947969956
0918747465
0941049644
0918249354
0619289942
0858899995
0899495924
0876836095
0897717305
0942426359
0645165192
0623968641
0610681496
0849830865
0932379933
0964928947
0935466651
0855441951
0815965421
0890255434
0934740362
0641962945
0818193132
0892294355
0625258914
0816566083
0655354159
0818332105
0849431175
0623198880
0871420087
0897878979
0868919852
0919396494
0971155551
0818643665
0819046860
0902564535
0909879659
0945908668
0989302754
0621148066
0961308886
0859111973
0910529587
0814025452
0946462144
0617981243
0864496239
0615416399
0851544644
0816212666
0928982973
0648811898
0816951114
0870453602
0961234555
0884248789
0860974875
0856665999
0646146359
0816463826
0625181441
0820459628
0866229868
0917024777
0640977592
0847521537
0811640347
0827115571
0929066949
0813263494
0949193987
0800069506
0994269364
0802895594
0898915949
0839993192
0899844655
0971566688
0898572239
0918872924
0646462978
0980562476
0863305088
0888765526
0927924969
0818136787
0892445725
0815891554
0979789585
0982466642
0953653018
0817071007
0866040599
0893629266
0980857131
0816947861
0849908318
0833041445
0879206366
0922931942
0859107894
0810928651
0993761350
0894485232
0846242611
0839970263
0818893188
0615624239
0889911559
0818213753
0959144288
0870065285
0869396432
0935828489
0868248295
0888866025
0657277581
0826812164
0617577545
0809938207
0838446737
0896351091
0983565563
0932964462
0832239444
0912466152
0990851853
0932822636
0831977888
0968062182
0817051549
0899006299
0872377633
0656649562
0612453954
0851986116
0973184978
0815353363
0824424595
0825391969
0933985959
0819118344
0856662406
0985704258
0635694599
0874245565
0935325899
0942984815
0645949262
0871619961
0875888552
0928941788
0991960550
0860868099
0914149424
0646244922
0878771228
0835575615
0825936294
0972308870
0899203187
0861032551
0816846899
0878940965
0985424801
0623088333
0622041840
0927459166
0956151699
0886469542
0622058493
0863540095
0890639676
0909285495
0950300970
0898337447
0897706263
0908764797
0801046344
0910373555
0632136378
0815326789
0933641915
0957326444
0656982691
0987941924
0847578151
0821806840
0877274325
0817376707
0898979749
0996146959
0871591011
0854627181
0810145459
0949688097
0897490233
0635842865
0987639626
0854608406
0863232899
0841040684
0942646155
0944973955
0850313171
0926992454
0612656245
0833086435
0838241499
0944615459
0885634909
0946917478
0902508929
0993517455
0944893919
0612682571
0951600712
0951600712
0943903144
0813857788
0899225979
0819900989
0874955835
0617690909
0807398055
0877378733
0855645350
0899288422
0911314929
0969217919
0906697781
0831362355
0942646839
0626811945
0892892690
0852416288
0814229265
0632547339
0822806127
0959794542
0992391542
0820764475
0818208967
0642266664
0955570120
0858175718
0909921663
0859007715
0926255454
0650763017
0926255454
0622764341
0859095944
0955594665
0824193936
0823244945
0642298262
0909867018
0835816221
0812536900
0653258039
0957897894
0922841496
0993432952
0611535163
0816338080
0949597700
0918251699
0943569824
0864915365
0979970529
0945161238
0991924651
0812630128
0924363223
0624924451
0888765526
0943650849
0909730129
0820762525
0853941877
0819826066
0955644459
0647919799
0825301928
0939245451
0932356428
0815937021
0928389236
0955945469
0639594299
0614962959
0633105780
0970909924
0997975187
0891791511
0839067764
0819691250
0845514955
0889996425
0931377039
0619161665
0863509009
0644698996
0994593060
0963246895
0941010701
0619719698
0844795515
0898110587
0814224148
0853335061
0919822712
0815686616
0863346511
0844855986
0896090956
0863647879
0985454975
0817723061
0927712272
0959544040
0953964645
0987924191
0816770921
0928929592
0957893539
0944219325
0982364644
0944939093
0819494310
0818876292
0859089002
0905497054
0892522540
0801956233
0885070110
0909811150
0632456104
0844391889
0878139081
0839970263
0923676662
0992495826
0898374426
0917327948
0869152889
0623744529
0899643113
0813746277
0811528993
0885609159
0828334777
0622892536
0865222951
0895006596
0819871411
0863594566
0952748891
0877111670
0899202908
0625917924
0933969826
0654479696
0989757624
0642720022
0643961555
0950067370
0928710163
0946425625
0831252727
0929806621
0988313722
0644516651
0616591463
0896656162
0943924429
0616249116
0640064573
0841813681
0909528778
0819889810
0655463906
0885535438
0987595431
0884749422
0625637780
0887607383
0936395629
0643536010
0813456794
0928725078
0892768090
0942827489
0949804168
0863597904
0810201363
0871231230
0809562653
0936466983
0955695536
0818987965
0897974204
0935828489
0851786514
0817330290
0918364057
0890508327
0871442295
0928895169
0922015058
0955389564
0646954151
0945599463
0804141491
0801407464
0859282800
0835268122
0968767686
0644236454
0877799917
0830883799
0918762865
0645536654
0898522038
0860484331
0869466600
0988295355
0615958555
0985381998
0898335989
0819685518
0926659714
0818198826
0871406949
0867719404
0873456689
0831097360
0863594092
0996301205
0824454565
0814384454
0814291551
0973966395
0819068948
0886020797
0871590202
0817727644
0833717618
0981419111
0892369950
0949235144
0872760708
0817119923
0610199393
0825636239
0634788081
0953821812
0947632772
0927539798
0819821441
0869401904
0632144879
0817002688
0958296359
0928696416
0645176999
0813683168
0994944789
0822786656
0896416596
0897670221
0614840944
0824255029
0952464585
0879076090
0656166635
0931372651
0928789919
0810304937
0616324565
0935791826
0626363514
0635161326
0864070403
0841040684
0956632108
0653515459
0892296556
0840445077
0949871197
0656649562
0824198787
0954465554
0854370621
0813480013
0637893924
0878554050
0924507955
0630041102
0943194968
0909499442
0815686616
0927949995
0985691151
0917167273
0850588007
0966549595
0816587687
0935789845
0610672812
0831711755
0823107008
0892270763
0865553442
0643264149
0816566083
0871908445
0892884561
0913786441
0817371788
0849259933
0994144593
0897695345
0843098009
0815423693
0830142651
0848655723
0652978789
0618291695
0635959895
0850762829
0964697825
0862115227
0931312002
0853533750
0811525166
0639863680
0818399843
0873557152
0637893924
0622639149
0634592451
0832888829
0979188932
0970867567
0628796387
0898566675
0846530321
0898891727
0904688896
0626811945
0891212424
0852522523
0922678656
0819281909
0889959265
0804715442
0816209351
0846848489
0629953656
0846895626
0966424626
0635810502
0815975640
0614528778
0809995789
0956954151
0953299895
0979524499
0834994948
0819183066
0816944384
0615301054
0839067764
0818585674
0824465499
0860759120
0800145608
0868372777
0807753138
0814312014
0892561956
0997018498
0844451338
0640598798
0817205792
0875073864
0982614926
0942848240
0648239989
0937233466
0824260077
0851328717
0814223036
0804933412
0897112949
0892338434
0884989649
0815877082
0840091492
0964415424
0982494398
0892011779
0839999871
0948858892
0805695594
0850123885
0840075525
0614637888
0933594262
0805651916
0947193569
0899164272
0924265689
0616915526
0615636591
0985598641
0843271509
0832087127
0846976680
0927891953
0615942292
0819459688
0883860381
0847406553
0890371100
0892466765
0862086502
0636955946
0956271636
0992651697
0895101189
0884722267
0804922964
0992419353
0892004999
0860410689
0847811991
0646355144
0818754624
0800001025
0808300989
0927829149
0972471555
0861470325
0879930055
0929635042
0955389564
0800099805
0999177115
0613955955
0843341122
0818390010
0659962595
0896136093
0814895454
0877211959
0872534582
0847903377
0876099229
0874292422
0654652569
0853265554
0891323407
0840943234
0852371308
0870338198
0848858188
0629519994
0642632896
0973232332
0819558461
0862993616
0812573846
0945645952
0860853947
0626414598
0814421818
0819216021
0646632465
0627579222
0818507209
0970755926
0991422644
0818514924
0825318902
0979207440
0894626589
0876987911
0830092677
0905599926
0814125193
0815686421
0824598729
0631844957
0639636598
0946566617
0899446303
0879481780
0896468344
0869915621
0816086869
0929542284
0995074012
0852145405
0922528345
0849908318
0998916551
0832350749
0863213405
0812838882
0817638679
0825496465
0938364645
0806344832
0616324565
0626414598
0823537553
0818053000
0634936693
0832479356
0624418935
0804756896
0864496239
0863203534
0815402391
0902140999
0979965207
0866033305
0617983879
0955311068
0842574194
0992651697
0933292618
0856944924
0642632896
0982388383
0624141666
0635614923
0907880572
0644253962
0624496542
0878393169
0613303323
0931892438
0897722622
0847797972
0856774656
0624589820
0892898318
0860163715
0619829492
0913177522
0813753387
0851459393
0849245964
0870275174
0917894164
0985381998
0992896597
0829526415
0847517332
0955549923
0962539254
0876199145
0652431224
0819853611
0946264095
0984567985
0851558225
0815712130
0885610544
0868865593
0946800994
0992097766
0631913946
0917768359
0969036359
0974404242
0636801560
0882226465
0636567439
0918318803
0816466954
0635141569
0959806150
0616898069
0930847797
0811984474
0966491954
0839842451
0827875570
0993536656
0909942128
0635141597
0894665433
0849213013
0619145661
0853665497
0894553715
0813536532
0894066913
0929542284
0614155653
0835438441
0979692555
0882602139
0850997902
0843595599
0896076852
0926264165
0882951394
0899368191
0870656034
0899912389
0827710565
0804623539
0891668361
0944959546
0949083656
0955063626
0843572723
0824195248
0993549545
0945598576
0921785552
0926239242
0654979523
0824041298
0654197928
0935790078
0626536628
0869778675
0642720022
0887614730
0890587613
0842500636
0882824635
0822245455
0948954965
0641539953
0830789514
0851864747
0856893113
0904247487
0927278118
0836131117
0874547597
0952934143
0628485963
0942292645
0890841284
0902986498
0805214438
0894626589
0962624965
0812604999
0917277774
0835693935
0651098403
0872448392
0806092198
0868381624
0928258599
0805596565
0816993981
0879640005
0924264691
0818324944
0971791245
0892073991
0815624246
0867800691
0926363396
0854089503
0890882109
0814691635
0864617165
0863291139
0914362548
0646146359
0898093146
0973189782
0923686898
0924445956
0815545788
0829569366
0871602857
0999151456
0806442355
0982928549
0810699993
0861436622
0620496262
0849439669
0816515640
0929399189
0811911814
0625905996
0920249807
0635766198
0852042089
0861799895
0814455325
0626939645
0970799553
0816146798
0930459656
0973369458
0979393941
0851744061
0898083378
0810499726
0892331392
0989982466
0623688468
0894202846
0824196266
0877479539
0643595362
0856629545
0979191539
0623921121
0629292020
0950901410
0632701776
0800023939
0854793887
0972328290
0821334798
0849966936
0918379894
0870129146
0961616229
0645193656
0626639535
0898869829
0857822165
0628255323
0629742982
0944264255
0867899455
0897471114
0929499747
0819340590
0922809956
0822302975
0933285371
0851518048
0813211332
0644614295
0862168387
0813081919
0972483133
0869915621
0892590596
0652166545
0985946469
0622766796
0631982615
0645659622
0864043087
0869439111
0812089596
0985704258
0944533236
0867223513
0917099978
0992469545
0896036464
0863135467
0933368838
0849116749
0963296362
0818646298
0851661494
0894070882
0818479788
0899468558
0624351466
0983742399
0921190568
0871967098
0949536594
0993689459
0992597199
0927057348
0926526585
0818233406
0824249553
0868288367
0845452674
0832132533
0896969615
0929694462
0852042089
0827688276
0659269651
0863278553
0898860648
0849939261
0989697465
0898629512
0935342112
0820016111
0653266954
0879188183
0617252931
0902780495
0659962595
0868134420
0613253474
0840654076
0861799895
0819419152
0933285977
0874194891
0995964653
0613297887
0874454650
0942614984
0923896395
0894113482
0879919182
0868415666
0819983921
0805666466
0928021599
0632635915
0621966626
0895691414
0876909544
0935139205
0631548182
0922916665
0937152415
0890233902
0628096699
0621166988
0616944979
0968951514
0961962641
0952522418
0870619094
0863846784
0976926562
0918398200
0803453203
0855269299
0819879994
0890931790
0949804168
0846699095
0957407538
0814514175
0942827489
0805410606
0849161813
0875047232
0949599403
0959484153
0857930405
0846699537
0917858704
0984162624
0956939293
0819299452
0800481800
0824249553
0876996964
0949988666
0626479556
0816237166
0834263926
0884489969
0935075754
0646365455
0934948092
0614082337
0899495924
0861105573
0969595939
0888818798
0819070999
0616359792
0819859699
0956191695
0972267891
0811954531
0866383667
0855067266
0815451562
0928951536
0909618467
0815434999
0869758818
0879017351
0879481780
0836364624
0922628997
0924628986
0614676263
0622853909
0959298559
0886534646
0959895624
0892331392
0955705083
0861897892
0614926494
0843181990
0872664840
0661459935
0885610742
0815402747
0836244884
0853206559
0826517447
0867968650
0958183069
0815545855
0903286728
0908892544
0980257649
0932969286
0423907214
0917794355
0949859683
0958244545
0994959411
0627280202
0994956989
0819359359
0959311309
0909893959
0817409129
0631413581
0817352669
0817639098
0846309595
0821420970
0635175260
0851747323
0984381666
0628898599
0969591498
0959298559
0814968858
0964757144
0829959559
0651599655
0814357780
0865030456
0831977888
0861333230
0631481045
0897884923
0847179826
0892948874
0639942456
0819825931
0818284292
0843688535
0843480535
0622048093
0841874991
0983969964
0822949090
0918218632
0818814285
0833189499
0927896626
0878336247
0968054494
0879134521
0948281568
0933383034
0818833935
0906435666
0878078750
0897968081
0985673551
0866518846
0869921169
0828791516
0877496436
0892014886
0898461129
0889906661
0855099262
0927184648
0855459775
0819894557
0886165163
0855922987
0959616322
0812602790
0894574631
0918652865
0981656359
0631801184
0886469542
0629979359
0878378477
0956802552
0869939495
0824926952
0988243295
0955080016
0956596491
0816432421
0638794416
0816145600
0892258893
0623088333
0862168387
0945659429
0815336976
0856013333
0845141492
0946156795
0818620286
0810928651
0933594262
0819362588
0872900146
0986694706
0969468566
0863336621
0856445038
0860439333
0800023939
0657173912
0899287235
0894761122
0821732550
0836935642
0804463980
0909743495
0895431442
0908681116
0870458409
0864001212
0818946304
0909788815
0890911137
0895005560
0639942456
0618279898
0904266426
0814265736
0979919539
0930322547
0610830054
0814086126
0963654656
0918845888
0809636355
0800909972
0983242691
0895047741
0928941788
0819612607
0885838474
0928963134
0825391465
0989356141
0810340999
0816231505
0999165399
0833189499
0843403816
0902167980
0814923962
0625522904
0824776969
0611493298
0817119112
0819271085
0918796639
0851105300
0836008755
0922608685
0946391936
0874999260
0822905158
0843113171
0869759674
0810145459
0922631495
0849796655
0616514974
0821084313
0953291217
0897359029
0638239659
0859833332
0933639635
0926923883
0839797462
0866576332
0826295191
0866029383
0957754654
0966967556
0927757818
0922179222
0847582959
0935766213
0858402203
0645264566
0895298562
0919165544
0627280202
0991148313
0968289244
0896510376
0991314812
0894959222
0614415563
0611564296
0863425576
0645643247
0849478221
0856624654
0891134900
0935791615
0818515669
0805010902
0933925593
0891481616
0628520990
0966676445
0817629999
0910421718
0836496654
0896070664
0828076199
0989477363
0819711988
0935785519
0822423954
0898878487
0876223888
0854370621
0855924987
0989697465
0853940662
0623989478
0816702669
0818152468
0847137425
0632456352
0879138430
0979366159
0814975830
0999809504
0917170550
0979314886
0803333315
0948043164
0957729335
0927184648
0614978932
0808300989
0653266954
0925926197
0802451493
0841874991
0645193656
0958594656
0645914599
0860459789
0872410141
0891509590
0817253567
0610720843
0994765977
0640964666
0880772463
0653924998
0944211075
0890371100
0641956596
0818138733
0873918863
0965757898
0818217243
0986807499
0896655744
0848799742
0988966516
0883788156
0631282122
0956614634
0868938090
0818557304
0862659269
0850123885
0859703047
0631164626
0831232582
0924059796
0642461626
0810372563
0614645515
0849908318
0816669592
0846242611
0924676624
0864594301
0898627645
0984965346
0632266893
0613928988
0804605699
0816546614
0829320640
0636955946
0813457185
0614671796
0880639310
0896265459
0842465536
0935789845
0857853738
0882613227
0849789997
0650206403
0872339418
0614082337
0970029759
0931247497
0947763653
0863264493
0986916858
0839246559
0612135777
0903286728
0881923856
0817897712
0819502195
0996326487
0979354464
0818869159
0988601633
0867907919
0949396641
0883767908
0863805875
0624542246
0958685788
0899942269
0625416693
0871777632
0956686508
0634659192
0866684546
0834165414
0934626988
0819222581
0813444205
0804315196
0860348129
0819729444
0954104935
0822295949
0635659424
0897242749
0894113482
0969392364
0899792511
0876872094
0810894294
0896291659
0827710565
0860459789
0811367559
0892988999
0891179977
0631972455
0854944269
0931655353
0947723277
0933180521
0901659299
0622643432
0841047126
0894460705
0927157772
0813627118
0990579132
0818643678
0862255990
0835365149
0910705359
0829014649
0648628470
0622564622
0966426929
0824454447
0971434892
0812422359
0628914663
0824163995
0824255254
0851580384
0818905057
0982388383
0818526683
0980032436
0821145799
0838804512
0972466593
0863684278
0616915526
0942944635
0651023294
0610241358
0618945644
0654479696
0938519565
0983969964
0946921424
0626479556
0896515694
0821084313
0835269977
0924569322
0984904275
0818052142
0850675718
0966981934
0834365286
0816330802
0955138111
0814804834
0846432666
0863755719
0859833332
0983289871
0909630366
0935364299
0836756655
0818869159
0819255674
0888747886
0814984875
0814054659
0852222082
0869405115
0819111680
0878378477
0861132177
0909814999
0633929566
0816338080
0800672347
0871474748
0850454595
0866518846
0817228811
0985193661
0897991489
0894518156
0829549559
0861762481
0937898635
0994478830
0909630366
0922656493
0889424597
0960380383
0896874532
0896206250
0910103432
0617499241
0617989254
0800347835
0956151426
0881469156
0883382025
0898977998
0648825796
0863922530
0889422935
0815594959
0868208264
0807275190
0654945161
0955563269
0818713010
0805415397
0818918574
0985645646
0841903835
0899631318
0612172597
0612172597
0955519152
0958244545
0889565978
0818669074
0918872685
0946869738
0635364466
0819944695
0814049047
0888294097
0863510595
0945356936
0814211636
0809414566
0969721128
0922816963
0948451618
0892056750
0618092037
0655354159
0923431043
0956643958
0944819287
0923289923
0805532414
0891774345
0850880010
0824880187
0891986988
0626895551
0817824388
0818757851
0936453516
0844391889
0966468636
0899885720
0925261448
0924791515
0639426593
0990737886
0832628226
0845628669
0810619717
0987484450
0871420087
0862353344
0800009799
0810361417
0800721717
0910570891
0930199151
0865557000
0935424594
0950629784
0955366142
0914992995
0933459982
0944135511
0926503078
0610358448
0910705359
0942656094
0872052150
0632895453
0928803274
0850452848
0658644499
0819462428
0811895467
0946651461
0939299778
0922750493
0948679955
0824873733
0899547992
0863582224
0629414142
0616868332
0942899159
0858216095
0891699096
0909862908
0819386622
0948364669
0879474347
0899245881
0842463884
0423907214
0818887460
0984562296
0935785519
0818080953
0872757737
0891886050
0972456451
0848415131
0956549642
0837946747
0988221642
0943591519
0954907472
0814031775
0833487881
0863755790
0622451628
0639953953
0649962211
0830234693
0811629592
0864146635
0955080016
0656886234
0987639626
0625393635
0856655198
0972687010
0625965322
0945963916
0926454415
0659547342
0631922157
0864028875
0992659549
0899566636
0901699596
0653941450
0631399059
0615416518
0882676074
0859108153
0659655789
0848248925
0622649565
0818066581
0863504495
0913522204
0984561954
0815367895
0862255990
0971517748
0811498891
0652422708
0649523852
0871224932
0896762003
0855582289
0862386776
0927783494
0963965996
0815519929
0615299494
0817382894
0959014222
0632602238
0615655245
0899046344
0896125191
0993956923
0819352808
0818208967
0955615599
0842111465
0819301144
0869914963
0863400542
0932229854
0945825165
0813387448
0869194811
0894688778
0614454289
0815413488
0971249609
0815426926
0633277526
0814578745
0872754300
0804629153
0963932446
0655346057
0817520455
0878991695
0913093907
0872339418
0957033676
0995915453
0814454249
0638846665
0842920491
0819386622
0824926952
0841602722
0622315688
0810372563
0875747557
0980486967
0826632616
0918717788
0984654429
0635090741
0802455292
0945351656
0816118880
0842277066
0944799787
0894705216
0982475943
0996133907
0856656645
0868575684
0822249194
0809636355
0814336982
0625424428
0967828942
0865704077
0838294944
0819894557
0929663594
0842892893
0972710038
0828129311
0643321948
0918829896
0877338370
0868518952
0942619156
0898738141
0914149280
0922816963
0878419519
0828957990
0878055447
0909253339
0994069996
0641065559
0854118665
0853654242
0973619861
0931318475
0863115538
0817235584
0898239301
0896715404
0918652865
0818926064
0659628083
0857278179
0896109106
0832656654
0875662525
0850819826
0814264414
0653455796
0855646694
0893993924
0818799882
0876987911
0946262391
0865468066
0902167980
0634532243
0985704258
0863839042
0926247561
0846555573
0816463647
0800099805
0821358818
0889247078
0632246811
0958246699
0969291479
0817072268
0952423089
0822839019
0909918851
0944494265
0995695465
0833773199
0894313628
0869663305
0810928651
0944615541
0808149144
0631631167
0614635353
0851994903
0646947978
0972636356
0942646155
0927716595
0869466600
0981515026
0814105535
0646514699
0935742383
0930405051
0822431809
0805964941
0805952757
0651544932
0944612772
0813387448
0896675291
0840148159
0896886244
0949956414
0884455469
0635810502
0873127476
0933569926
0863550439
0897291107
0872664840
0819716811
0896117586
0651014289
0819076682
0800295778
0982956322
0832287963
0817838681
0811414333
0986905686
0956109417
0904996458
0838462850
0625839339
0960644873
0624649142
0839745555
0639986193
0885417739
0973346899
0824880187
0833966453
0946799012
0614989461
0818320612
0610358448
0811855324
0814245141
0864028875
0655433236
0932752445
0868815762
0838563535
0882535611
0987761290
0872741318
0878131448
0864582048
0819681105
0874633036
0655414782
0876664449
0805662634
0817205590
0921424956
0922616548
0825191816
0942328235
0953935946
0639515579
0818924705
0927466246
0952655366
0910760924
0814134615
0818979575
0643437707
0805943966
0656645154
0870298154
0646369994
0972027794
0935756366
0610186802
0926985498
0808785584
0899924445
0815712130
0637891966
0876834244
0814094716
0923236629
0914149280
0915219559
0900765243
0931232444
0914358824
0845155504
0869988099
0926615990
0818095093
0821599738
0818769615
0914646453
0992892254
0849089182
0984739951
0814714841
0616199882
0898725656
0829265541
0884967450
0843419466
0862076777
0969463616
0828118939
0632155684
0896197982
0861347733
0812951101
0933269964
0862783011
0821929352
0893692995
0614566359
0886244924
0622072495
0840952830
0994266778
0826462419
0863474940
0928696416
0996353542
0848833342
0852571881
0896476626
0986694706
0635215887
0817614165
0983906290
0909636844
0629641565
0952564006
0910767356
0923566362
0817946772
0918762865
0879552089
0955150626
0651546665
0892896100
0959596602
0835693556
0956686508
0824395797
0852452361
0843853306
0930523745
0948626696
0812973196
0917234844
0857487485
0897148629
0957098936
0818515669
0952508689
0615195428
0811044318
0822856666
0836476996
0816293303
0869588389
0957954495
0634485789
0985297466
0647692080
0860829852
0988293690
0611905127
0895105552
0811690021
0880525338
0889652545
0823846188
0840792376
0868739191
0818311412
0949850202
0964194149
0625954958
0818015478
0924282465
0635656245
0816479579
0969891662
0811808528
0895922442
0935314397
0905485959
0652626150
0822453822
0621986987
0851707773
0866166269
0819408302
0904197248
0817622619
0949694454
0822503443
0875889439
0825362622
0816635026
0909933307
0818660233
0897806956
0813715270
0971907582
0818904629
0847690522
0831998127
0633982824
0816882236
0855922492
0872940308
0818620286
0874227480
0838416665
0867533534
0971479947
0925529938
0932690391
0818104723
0631801184
0899928162
0833533948
0879954600
0631199030
0659465265
0819153008
0917790639
0989266988
0898224298
0862990160
0818079587
0816203646
0942189951
0619535165
0918269066
0650106699
0816570184
0801461465
0819935994
0924719719
0901627682
0856083184
0981656359
0844662244
0905749687
0924412929
0954415359
0890343626
0968951514
0910422870
0816084171
0966324642
0894152665
0803578710
0624649142
0837926958
0951619249
0984409286
0623561982
0954295544
0959299665
0963249519
0955549923
0818769615
0653836498
0917742897
0871376139
0945461850
0970893193
0988594667
0889239626
0850221812
0808380933
0934694426
0655708242
0832912644
0935818155
0953399666
0968824889
0834240013
0899388895
0890356808
0867762778
0965168895
0869632134
0851888905
0937407557
0649932039
0896071522
0629982938
0877843337
0849999649
0642356461
0885634277
0952064916
0856969099
0873476564
0985646993
0816873914
0892336650
0971255437
0875667734
0881200286
0934565989
0898367787
0824519294
0853554661
0612366776
0843181990
0956969696
0914654241
0955642253
0632461932
0955569695
0925546590
0869092292
0868308015
0622687918
0852571082
0623542935
0656693344
0909782834
0867877393
0624416441
0810040077
0883939957
0897829961
0852955944
0817214229
0834432666
0890016655
0979366159
0942428789
0803674513
0880699994
0990737886
0933961656
0924440595
0892878053
0857726429
0921956052
0959369564
0964649153
0816261172
0911423943
0927096345
0882513832
0818834511
0936565428
0929941237
0825149165
0635416991
0984639203
0899077937
0828984636
0867882161
0952359255
0622255654
0982479345
0640086222
0816362123
0926366235
0658796261
0989097099
0857383199
0952871752
0994535964
0659556563
0933822821
0655081661
0890511153
0885814859
0898915923
0859998181
0931536425
0942845964
0629678989
0922696432
0851321657
0870889510
0891944197
0898289558
0809163926
0811118406
0658796654
0896076852
0953650617
0894198269
0929455956
0910141895
0818453144
0642429915
0868123488
0813459863
0811741567
0922954491
0818193091
0917968617
0818361799
0958518999
0853347165
0933167999
0984281400
0987771750
0961959691
0984130712
0932809493
0956896929
0833288264
0944352428
0842469328
0868172552
0624547893
0654789162
0924459415
0818422589
0807971704
0818915575
0618891441
0899097454
0863389249
0865701684
0818894599
0918580439
0899949280
0833671550
0851049770
0837946747
0934575111
0817425459
0816570184
0832975735
0829959559
0997975187
0824661199
0863760998
0935455564
0616519235
0866549693
0819825811
0972348900
0848951565
0819419152
0819405450
0924415775
0825654247
0897280048
0819819282
0636254456
0955215975
0895428444
0989429961
0804599999
0814073676
0984446362
0843624697
0973282665
0964194171
0834240013
0936166387
0892014886
0892633922
0643239282
0876593238
0859451133
0942894661
0892026610
0939826595
0917329165
0925519696
0819375516
0818405334
0842277066
0616935689
0849297735
0818669074
0950783959
0819822900
0821558979
0869220040
0643060793
0619394193
0639399162
0617891765
0930487684
0922646898
0805808162
0804998765
0897754881
0890320759
0872371961
0815654926
0653249782
0861393915
0909546979
0832954455
0852003646
0821683407
0630495195
0983255351
0636629593
0629945591
0815872776
0816053434
0929746365
0855639647
0946245649
0892009917
0985961869
0877221318
0903243389
0863666261
0891221956
0612276479
0861716689
0830647019
0887909416
0891068168
0806062599
0843989924
0949932326
0897295559
0869420111
0813488549
0614910520
0948303968
0918360474
0865465480
0927944597
0983723409
0614165142
0650846839
0905945559
0991484344
0806234898
0818666634
0919566264
0991414196
0966965999
0818786006
0625922924
0899224436
0956905800
0930261160
0926664152
0648235696
0618965262
0870298154
0951165821
0637395454
0915960135
0947596942
0896117586
0815993368
0899692555
0817559448
0619901617
0658064305
0819104624
0823376699
0621547925
0629978287
0994495056
0937698730
0944677579
0837896698
0884276133
0899499558
0945814659
0985569301
0890747997
0823539244
0829511142
0937202050
0659655891
0649749636
0936240064
0826615498
0934247013
0819458037
0895182597
0942647453
0947175772
0846144936
0929694536
0819927345
0818892981
0924276280
0891443197
0943629994
0863115538
0646131321
0876680429
0898372156
0959461992
0812640177
0909708315
0846577791
0929399789
0843681193
0898927718
0909378628
0935471110
0842624509
0644691145
0899259777
0939282665
0874547597
0653025812
0904966599
0628692451
0821947270
0867952143
0820618006
0817559448
0836984515
0658239154
0986597789
0956961426
0844262404
0816227092
0909890554
0898981458
0992422628
0819444184
0816441715
0855559556
0651542635
0875696888
0874512192
0925541956
0813513587
0924420007
0614910520
0818194662
0816215474
0988988685
0836619111
0842898289
0827814614
0863236550
0815366583
0840230627
0627069561
0862500264
0941954244
0863562885
0983423990
0935614615
0990737886
0918264176
0849196969
0624465515
0899676590
0612369599
0804479690
0862557240
0625018154
0945604205
0858791001
0819038945
0970790583
0844220358
0979187856
0847517332
0843181990
0842459796
0816117278
0648087359
0860758788
0832365328
0620743005
0636305242
0842860635
0853245098
0636265499
0819301144
0648239989
0982469562
0924496623
0817848119
0933922720
0824424595
0616359396
0892439960
0646417888
0864501674
0890465818
0958040599
0942363599
0941985151
0969782822
0862399134
0625216943
0661569515
0956790489
0899078980
0939294142
0892105544
0613979885
0888860056
0887368107
0870873801
0895927490
0956699935
0625424428
0808300989
0984281400
0944561117
0931764481
0630133284
0659969942
0835575615
0843145511
0800718390
0811764524
0638570333
0953966249
0906722252
0629292944
0818915286
0848318510
0866047888
0854445199
0910209599
0632654343
0843880474
0935455564
0879991992
0846739766
0818255842
0817890473
0849073344
0869980614
0865414869
0929144464
0809442929
0907345525
0619829492
0910245833
0635515146
0929287955
0872135693
0945471987
0819963565
0801092541
0924159963
0859007715
0816912725
0851508999
0631629915
0954242938
0814862889
0867626825
0925545804
0897429558
0999599262
0864304617
0863497714
0993517455
0819822900
0927243602
0843968622
0817816695
0866772088
0917904424
0650969441
0955850901
0611594632
0891726263
0632182929
0625645459
0891668677
0985620602
0993817111
0653936929
0816217767
0966142924
0853011584
0840877190
0832466261
0821130899
0896676018
0806546688
0866545422
0871558618
0932344564
0868975949
0616090448
0990088826
0922676123
0906382665
0801016055
0886636559
0878078750
0844145500
0818587003
0862990160
0870377997
0655328947
0936982713
0941499561
0923287856
0947956214
0898321283
0833495519
0816438217
0842409888
0897098218
0944824349
0817008189
0982704757
0899566636
0923841817
0878181816
0988832887
0863855441
0982682883
0826632963
0904415446
0954296357
0951242955
0639656562
0816570184
0890587613
0924659028
0954292614
0816966165
0984915978
0851538885
0942879655
0839498339
0902293121
0828390044
0615609305
0816787633
0817204256
0839784222
0861742293
0889564541
0865912395
0941049644
0814481459
0909466964
0954896498
0814801700
0849756695
0986642323
0866047888
0843949119
0898483689
0870497731
0846620059
0863104257
0818231834
0985365695
0878682323
0964602706
0865656333
0863521430
0898191077
0925622893
0899836373
0867403155
0898418354
0827845473
0949919944
0924266941
0816513239
0970901454
0801579787
0621566292
0853630404
0895009998
0896961102
0910532552
0948700533
0657170231
0966659964
0948918456
0819099086
0863336392
0990515363
0926623785
0636954452
0871579676
0634157897
0818777432
0887519690
0860087934
0616541782
0852522519
0804485554
0910677048
0629565323
0895226693
0926455398
0814473542
0620090888
0955301419
0896483174
0616540218
0970455252
0617839336
0945328954
0801041885
0945251568
0958846777
0936184328
0841233492
0865319069
0801368661
0947434915
0905394545
0614481444
0936311189
0816173895
0897436357
0634511234
0858899995
0816926888
0851261166
0892053195
0944795661
0970523263
0860414194
0948987929
0936566491
0991595398
0654415447
0883433622
0899362564
0811700154
0922507395
0834086878
0944929624
0873862314
0955457430
0829392899
0879668700
0868718287
0818721416
0653622946
0655175091
0823592264
0944245165
0815955915
0828875103
0985545153
0891294291
0659035545
0896878146
0971568253
0951586449
0800822266
0810133456
0937583136
0867771866
0926291517
0946661519
0899267570
0661628793
0659169783
0988434195
0818924464
0818299931
0924790962
0833167063
0814501650
0956195532
0833274784
0924965813
0898155040
0849723068
0807765055
0815658224
0894579110
0933969888
0815777415
0814336982
0956659946
0865607454
0838345362
0629965568
0811389999
0897896013
0619894111
0973591619
0620694718
0956595962
0840060389
0897339815
0853939999
0955564289
0857134620
0856830503
0654597955
0817358858
0955645926
0982421710
0830450888
0842529356
0818518300
0863263358
0620726776
0641429354
0956544287
0818201178
0814975271
0838742466
0819771009
0929479095
0994907121
0982546444
0610504784
0637733956
0896165170
0986242049
0845916449
0819934080
0880675551
0835199798
0843357860
0817605892
0873862314
0954566326
0945351656
0992821585
0835635995
0869744387
0826454289
0948982391
0894930045
0629039998
0824089866
0898323241
0879251772
0942947387
0830551893
0932692599
0831173790
0618563799
0853440642
0819119443
0629146362
0812646056
0818957221
0944483255
0994987963
0966210867
0819814882
0924923963
0881055876
0892465956
0991634445
0818574267
0971409323
0896284778
0619942106
0819729444
0957892415
0957623811
0895661839
0819038215
0922377812
0880121290
0818767318
0863016558
0909592469
0819843910
0817162626
0841833090
0631628745
0644422692
0945964663
0823509033
0817599670
0959148786
0635141569
0894780606
0814002369
0619496479
0614689959
0894494204
0821874400
0658891812
0899853777
0917025954
0932895153
0876597942
0972138930
0640473538
0888588805
0909980878
0876594706
0933704378
0812790651
0986151636
0883905737
0876057303
0840452897
0909817699
0817203108
0962465926
0813843385
0885564965
0817826353
0924656149
0626692499
0924293651
0949423636
0895106420
0819159214
0934536651
0923424580
0992646356
0926590965
0894963600
0616491618
0626464916
0892155517
0922518252
0847794221
0955155863
0960644873
0829565059
0819164079
0867600449
0917812942
0846415136
0615692954
0650519262
0909763456
0641964224
0611649266
0832929574
0962892426
0800717197
0645963935
0615866686
0963159295
0905524242
0899325920
0922299963
0959544040
0861196548
0857287117
0635879978
0841833090
0979210657
0875471441
0840011112
0868278566
0814282246
0986404999
0843519424
0934269787
0623644935
0846619896
0899625402
0818446328
0928588555
0816687865
0990362036
0814080968
0632826695
0922622310
0899881015
0894494995
0918293119
0875045898
0829104847
0868467818
0985559744
0818146343
0886704143
0899787704
0641654514
0804050888
0818238475
0958199392
0917327948
0615986693
0869792249
0839008880
0843234943
0865656333
0818124032
0858164877
0930703197
0847413621
0612655965
0821674808
0659035545
0801516426
0868849525
0838822654
0958923985
0943946264
0852863535
0845556759
0891100820
0629280989
0815807635
0646419354
0819085635
0884941495
0983953521
0621789354
0848919962
0633299193
0984269545
0924422669
0814134615
0908491466
0631235892
0856715191
0945987166
0991645152
0999043779
0838888787
0614266456
0652289893
0816228159
0814989886
0903192575
0889696535
0947833232
0805666591
0824245493
0649591003
0867605481
0923263693
0909622208
0919595555
0805545553
0626396999
0872255831
0943720314
0916266469
0985598641
0971893756
0935944549
0816378999
0878633289
0979853653
0881696947
0959542422
0818156104
0819573619
0891661119
0973241646
0857373361
0838871076
0815991370
0818224224
0873996249
0849335653
0849998333
0894151462
0873204774
0815595790
0818977714
0898236698
0621525517
0819848918
0960865642
0654597922
0944916661
0816979297
0982483182
0636456597
0956249894
0957233565
0887601841
0981656247
0843920340
0617966298
0613318399
0896269547
0936712078
0649488118
0949416119
0948822761
0806389551
0886661696
0811448826
0874886599
0865935484
0970159989
0912583970
0992626012
0618969425
0842626405
0876181555
0989194196
0628929824
0905559639
0861678452
0936451542
0969244563
0843624372
0979898978
0861658333
0814264551
0819940894
0984422986
0818109188
0892797050
0931135338
0909821333
0809738334
0896123678
0945949788
0898345606
0968793559
0956578095
0947415395
0822041993
0907690243
0860525977
0904562415
0890186124
0892288031
0632698565
0993292239
0813859389
0991455669
0982233199
0866640454
0814298778
0985243151
0860197700
0823750584
0816552010
0846352199
0922569103
0818100885
0642073013
0629793235
0849699696
0992894624
0800690476
0831267706
0925094469
0804522680
0814235941
0614914164
0960763958
0814499100
0888416718
0819220098
0801988991
0639836359
0919264556
0873062639
0842891619
0954642444
0898345606
0818757851
0830438971
0810000420
0863509009
0993364881
0624154290
0924294787
0615478562
0817837703
0929536561
0932632915
0652329289
0815615654
0868978935
0936499223
0852571082
0970050149
0821683407
0614415563
0649423465
0966756191
0926591422
0861815976
0818620455
0622615995
0838850118
0659809618
0856189790
0868119792
0825888233
0827911888
0933233980
0898785227
0959564542
0997133974
0644256924
0944323331
0853592294
0833663737
0825928475
0960786345
0956754131
0988696599
0805941566
0629292944
0636497551
0815147987
0852237825
0924420007
0822311557
0897371761
0956614634
0841281067
0854079955
0818053000
0616959636
0866191040
0827876072
0619894644
0992281614
0983207491
0840018419
0661544665
0899869519
0622590026
0839900539
0917326187
0869912327
0895896160
0989989415
0631354579
0954969244
0659623959
0652692491
0850110421
0630783859
0646649982
0896787002
0638245323
0836502980
0823262965
0631524520
0982946562
0805396949
0814156269
0985459599
0872468383
0829616296
0903373801
0813287649
0886368389
0969494519
0982953951
0816484991
0819935994
0840477776
0954524196
0851522622
0625528322
0959146111
0918615187
0851358821
0866996894
0930418260
0949326289
0813742482
0967012323
0853734375
0648811898
0935536654
0969341424
0969969287
0843084720
0884120476
0818331556
0636816332
0936086404
0946545553
0982676495
0657562416
0842241946
0855798541
0922749828
0867667479
0818147066
0818473299
0838842332
0972463856
0982873256
0614646965
0816781300
0851600286
0860064092
0634232444
0982365969
0616264651
0974153929
0819492288
0945049999
0860530191
0847246333
0924699195
0844255698
0924957474
0819325589
0842829529
0922617167
0857741969
0973965545
0633262616
0812799370
0814536124
0634266514
0611525870
0924296390
0874148396
0954639364
0800851153
0623624629
0850566864
0868847511
0819366771
0818646300
0979524499
0867034251
0996133907
0839426566
0819492288
0646155159
0816409334
0817754377
0818650174
0648087359
0828106989
0992828296
0619919924
0931364693
0650535453
0849142626
0970949209
0909163000
0843612378
0855415946
0986292725
0633516651
0945592245
0836355646
0820762525
0969659651
0954394412
0937143402
0985027364
0922584159
0816673099
0814165296
0833486118
0972955416
0836979651
0992824456
0837187132
0969544698
0939294142
0835369147
0818962523
0634240906
0994020975
0930287587
0803696539
0992637078
0945419229
0884791418
0898894548
0848469724
0652906403
0936649424
0892059564
0624141666
0869140206
0981059105
0817827443
0818119749
0631946394
0870032112
0931649424
0882675051
0944626186
0954827636
0636305242
0982686775
0654496516
0654515369
0636566460
0879824145
0813924494
0815485899
0812062949
0633684466
0830089569
0974299363
0895896160
0816692446
0819022323
0661682645
0817351650
0619274547
0958936388
0891357700
0993926369
0819371488
0861545564
0843868484
0947828555
0818112285
0899870678
0932379588
0815359399
0867884466
0862783934
0616849994
0863229772
0818147066
0860099386
0899097454
0957093084
0891356755
0896638463
0994109071
0614459824
0649791451
0619235516
0818317534
0633966633
0988452795
0928879444
0812974253
0899919105
0926746996
0816639869
0845073785
0649439067
0883837272
0956473777
0895691438
0969292438
0816369420
0842287630
0879481780
0893563966
0830120587
0622853909
0996469235
0658876665
0648899464
0956905800
0617834139
0892541354
0923757766
0895667669
0811911814
0631142772
0923289923
0857919977
0817728568
0878794351
0872491434
0627346300
0802469526
0989087877
0984862546
0876664449
0819159449
0818053477
0868777517
0935942528
0958466463
0923942959
0924932423
0866792188
0982421710
0644989145
0816343929
0996455465
0841426777
0957051373
0843753482
0817826804
0819076682
0982847429
0959622840
0933922720
0886463955
0892014886
0863005705
0860525103
0624659698
0648825460
0941978249
0868912414
0854892282
0948192959
0613130055
0635629566
0822531049
0811907184
0892058260
0983599989
0863672824
0830289797
0888458861
0864488669
0824643864
0963299323
0950055252
0864066547
0896985350
0826961941
0818863618
0878583982
0818467587
0818542282
0819891758
0943569824
0815706554
0845454936
0990863579
0816136146
0862443984
0901341622
0816443818
0870284368
0828334777
0611721149
0936529926
0899235924
0814243485
0864980409
0878976122
0632893535
0818144486
0616351663
0622434438
0983396888
0817040208
0613269697
0817365818
0821822572
0899224158
0819681105
0895935610
0926826539
0816336185
0972545785
0876222253
0824396443
0872757737
0805630730
0979757949
0632099414
0935628909
0982872420
0818519780
0912939969
0871088182
0452668249
0835619696
0927789663
0879120533
0801119944
0823509953
0822837095
0840846528
0967988245
0619654539
0982686524
0853314435
0909298209
0644626246
0811740528
0815329916
0983360708
0869281662
0871768455
0830321061
0858351437
0954697957
0993955163
0922895364
0887524260
0952527272
0891410685
0984045077
0948918545
0813226305
0816295939
0991717824
0943724554
0895435689
0850421546
0635626551
0926526966
0847752811
0625524852
0878617449
0914704727
0831365896
0815669653
0823229545
0642870566
0926526966
0898922611
0895504516
0944852532
0918293119
0824282841
0818632414
0863722215
0800509369
0918452327
0847718008
0844662244
0819094268
0936541490
0659370621
0983289889
0856336626
0926255454
0616457665
0816926888
0642365623
0869153131
0955688917
0959474509
0819583068
0811779016
0655047836
0847544427
0912412196
0982566693
0896662117
0811709592
0936869878
0845642383
0988291686
0898239301
0817539041
0661256116
0890548347
0922678858
0804973623
0982692278
0920623752
0927891953
0821466077
0844451114
0818639628
0846946229
0851119584
0909692244
0825193669
0875198519
0830518893
0858909100
0863569051
0625095796
0892979594
0809499941
0934575111
0909930506
0953695342
0884399405
0800835000
0872653510
0613188082
0980611677
0870032112
0931835817
0850750851
0629981938
0955978952
0875981101
0646515922
0845554481
0864098391
0918706289
0814822377
0979979645
0820379650
0956142895
0635944465
0624614622
0623799363
0634494264
0849791412
0846758038
0872417212
0895169150
0892556563
0819680160
0818367707
0879570602
0616649624
0926366336
0971566688
0833683322
0953624963
0922528345
0917987275
0891832240
0866640454
0898253035
0894414253
0918482159
0863455119
0825928292
0933615325
0901056820
0983953521
0890723165
0876501501
0842456447
0816615959
0946828480
0839969892
0897981165
0895454750
0869688742
0624539222
0993649166
0633928266
0835575615
0931312002
0991345458
0874826666
0815545855
0818359186
0823331782
0849195161
0804568560
0645975548
0947815625
0994146396
0939426491
0815756004
0835498932
0835563559
0889700037
0610942986
0986107388
0850564396
0992211819
0879868221
0632419964
0896385530
0616956329
0836244656
0936959164
0814574212
0855890056
0818343808
0956363953
0813661656
0970988995
0899019961
0992538798
0839966620
0952168168
0824944144
0863696155
0895241931
0956974344
0612655951
0915552663
0804710055
0812662734
0972978166
0849966936
0811707100
0916980807
0858243480
0924714424
0817522409
0644347707
0612194485
0983617238
0982642944
0935817514
0847095424
0891603558
0818012724
0631423835
0979614997
0819769068
0931318470
0924596428
0622147291
0897793976
0922679855
0986329558
0892059003
0654982628
0892227622
0808048027
0645193656
0968767686
0815773299
0942821797
0818992944
0897959724
0807652595
0845429713
0868804488
0647896942
0816165368
0928929592
0984289459
0949798946
0902269154
0655070459
0642463979
0632619445
0644169247
0838351235
0877994645
0624129974
0839051153
0810695995
0858764309
0848833342
0937154076
0859117469
0815537613
0854203323
0928820477
0922932936
0915959462
0915588009
0884592856
0861542038
0871875061
0848315993
0894655935
0651929616
0972260462
0944865820
0819478973
0936041905
0875889439
0956357185
0806855024
0824013667
0816551186
0933299164
0813901574
0854663618
0852909705
0923214745
0625171719
0848624885
0639245962
0991944535
0818661598
0814989886
0962915256
0859589911
0876775664
0949396868
0959699155
0815643655
0936862489
0926264165
0999261989
0969428659
0868506339
0863923396
0924071637
0869111945
0909512494
0619789578
0819452214
0994285445
0837447700
0945952455
0903373801
0954203323
0957185386
0944649156
0654262999
0896046033
0822206958
0616842163
0928807599
0831962190
0892920084
0865559899
0644614295
0944080033
0847675152
0984625665
0832328245
0958592564
0880383932
0949691516
0856654142
0886261212
0631844116
0846432225
0625524852
0879953049
0933204412
0808266478
0898666708
0852200404
0939397946
0954045959
0936041905
0649561719
0818435039
0896421007
0836261110
0845317519
0985381998
0645632464
0961594263
0869236163
0950413524
0815766514
0809694423
0946921424
0968245516
0864043087
0618954884
0857323372
0991653515
0995027702
0909767101
0928984542
0846169542
0838565514
0955949635
0851176122
0821765909
0863527127
0620766784
0929294665
0914356166
0893972342
0986355491
0818787477
0896530175
0870845983
0818896996
0859202988
0926416942
0863329353
0958592564
0818794085
0819239939
0872659990
0904988456
0917812258
0836669561
0851994903
0818250757
0859263014
0930806778
0831173790
0850266899
0963636591
0991717824
0622626591
0877921900
0955649466
0992249950
0897948615
0917562255
0629596322
0933936944
0861381392
0959291455
0646599955
0864239654
0615325464
0864229383
0925621717
0632269989
0925804426
0842606670
0946930009
0850852520
0895484479
0918357266
0878338818
0884069360
0845833965
0818247434
0644659166
0850705934
0949253615
0993231011
0949954242
0959247887
0950968797
0918364057
0891531885
0627385980
0881138797
0890210990
0814796791
0633791855
0885532262
0618825664
0812701208
0956877604
0892402707
0844837580
0914929769
0843615654
0962456261
0642635666
0982518542
0872299911
0805729928
0840043740
0945314255
0625659887
0863527127
0625965150
0843271509
0898401819
0638527237
0630795294
0800336565
0805175050
0823373626
0629064609
0898769227
0902898954
0867934594
0623214022
0933926995
0632644842
0886797998
0868881618
0624655093
0816941415
0850446978
0857890033
0858332221
0860631451
0956420505
0817204277
0919414564
0822033346
0852990440
0972462714
0855575155
0989079940
0957959296
0946355519
0992626546
0613296228
0635859695
0818463215
0829429549
0984682924
0970542016
0892011701
0633641461
0849401538
0833092823
0973347472
0818238475
0966415191
0822031540
0804590676
0837592095
0813725722
0980140598
0995421606
0925695853
0819352356
0876335860
0990463337
0869792332
0967929097
0931927887
0869921169
0819796399
0819648643
0800478118
0954562322
0811584280
0909922611
0915026296
0634232444
0894733006
0835846886
0855890056
0892764033
0614514663
0649969196
0816296457
0992465699
0922529668
0840908030
0617760864
0817024176
0897330700
0847379190
0624689732
0902395545
0896646010
0844491651
0999355545
0803944697
0838503376
0902324545
0987499798
0830832989
0918684455
0860388441
0971949119
0661565544
0870275338
0918520828
0918357266
0655096289
0986242364
0814882711
0806745454
0817825761
0889429399
0936476741
0984696997
0929840000
0908627217
0891123233
0899300650
0863322951
0979614997
0819156719
0615437312
0944649156
0817731202
0989205416
0959622895
0813751841
0928708911
0638235942
0982699893
0649879141
0816820861
0628328222
0624562611
0894325217
0899696179
0870919946
0987918759
0971935156
0816083638
0914628444
0864721749
0918916965
0955680042
0908851008
0870168098
0642265924
0644596728
0956606205
0801512306
0914361225
0876067007
0972797721
0868493966
0985297466
0854053292
0841665695
0863818378
0909691396
0849338076
0814879838
0909159699
0622615995
0872079133
0842891091
0646415496
0818791733
0896943424
0860755364
0806336735
0879194470
0877799917
0841854178
0956328946
0890543874
0864158582
0815741721
0870669650
0856605605
0619424545
0807727346
0818486676
0956841442
0944199445
0934560043
0892960462
0853109948
0983232653
0980737411
0619783695
0860260515
0982699893
0872562490
0980239975
0949597700
0619289942
0837861166
0817837965
0800143189
0614038883
0659828482
0852003646
0809922824
0850530436
0621956429
0873628879
0889564295
0896438501
0957832985
0883450316
0824795638
0652250612
0876159597
0959956422
0989649221
0817144267
0616166658
0953615992
0895111691
0840908030
0879998687
0899482089
0959294461
0893559935
0918683882
0861479855
0892517115
0621393954
0949411221
0630799852
0813545954
0897343257
0621956429
0895887295
0831125525
0863631930
0881899569
0870238859
0846888399
0898289558
0873578514
0892292939
0994195524
0821790067
0847222322
0641970111
0909859807
0818557072
0825474242
0924182898
0814431212
0641164904
0946982399
0936166209
0619425961
0971944499
0850852520
0804950715
0848934655
0820188745
0820337235
0926459416
0917988943
0851233433
0937519565
0815788843
0941563242
0819513672
0631950531
0958815708
0818669859
0811389999
0991949942
0624284624
0870580346
0819191904
0828734842
0956573777
0893282465
0809985888
0655628563
0657824594
0636194791
0932931665
0836599050
0928945442
0846326326
0891711170
0924418501
0831977888
0636284217
0902351536
0806978280
0898150619
0894401919
0655491961
0877039888
0874155741
0956696238
0994541797
0805915611
0867432392
0955569409
0971562797
0804093633
0615932641
0818684483
0863635369
0989028201
0614324580
0951596244
0989411336
0868547913
0909745146
0955542015
0813865247
0834204191
0612626298
0985629598
0903167738
0635598242
0863643014
0980139224
0930255095
0642061124
0969322397
0611973160
0964798729
0619566464
0935521703
0809731842
0636922895
0871531749
0890641181
0868896609
0890402267
0848514352
0992435041
0888077989
0972096058
0836309989
0956522884
0843681193
0624619147
0815590692
0801130187
0932632915
0634416646
0619466460
0910648465
0811944368
0863816445
0955862149
0812938095
0811594149
0882895656
0813545954
0952356635
0835956597
0654935636
0618925789
0800394019
0967679898
0635642654
0637824966
0650966263
0811762250
0817995898
0818951923
0634459149
0955939169
0815701889
0820297274
0817131506
0929566650
0844882428
0972271608
0909584975
0818053000
0984066157
0944916619
0819478260
0937435458
0829910555
0992924415
0848223226
0817018296
0951646359
0897621960
0890805547
0955254626
0955644459
0918727870
0818108341
0812874176
0651011596
0889614555
0824593961
0891803999
0936546529
0613654939
0858989888
0610299999
0941742642
0968587551
0804482821
0897653724
0881810669
0980159374
0812863536
0835888070
0894611147
0831793199
0629194088
0950055252
0901970466
0815805928
0933791437
0898345606
0882406839
0875653515
0988008477
0656963864
0648794547
0922734515
0889615945
0898147232
0836444446
0872041556
0969811162
0941615954
0849614491
0921932894
0995426287
0997828795
0863816445
0905978799
0840242683
0992269199
0816467626
0936829990
0622788814
0964265056
0810909134
0951257721
0818109188
0818693666
0819296595
0634722863
0810882474
0957954495
0814266907
0828246551
0650386259
0824345181
0832877045
0822944625
0830197297
0836456439
0876390137
0639249697
0814946163
0822453536
0858077644
0823439651
0619546396
0952894942
0902140999
0983047277
0818666634
0864004821
0614428993
0894566965
0818552499
0877176804
0942291935
0639954659
0870070709
0868993145
0813923008
0869595559
0896011095
0944646451
0897530132
0850640110
0843419466
0985540882
0899229307
0892878053
0949199575
0819138159
0870032112
0615429424
0955542399
0928852299
0873107726
0661565544
0947959198
0957680970
0979214409
0899208022
0891800488
0874454650
0863795479
0639166499
0971049517
0953507286
0969939292
0899967728
0917562255
0847354063
0830171080
0883167945
0872537311
0817231751
0810099728
0959535546
0802894565
0989194982
0817053802
0909832615
0629953978
0878879205
0614269659
0624427588
0814549499
0953343898
0918691170
0924295598
0837094842
0815522230
0980945592
0650539950
0843628633
0813953991
0960759849
0851465599
0654555990
0898141343
0804426362
0945376332
0815968226
0898345606
0888099107
0806635450
0993974655
0615761466
0830147659
0818886655
0931198566
0854437111
0654638568
0819020039
0937958998
0979695569
0894494678
0815581844
0922696324
0629592616
0969164239
0835944987
0896563991
0616699629
0818206193
0627744345
0617156249
0813985376
0892517115
0878905617
0810712078
0892343232
0823635144
0909940365
0891411245
0923563622
0924053311
0861208304
0918704501
0978289797
0846379899
0629453535
0955262264
0619644222
0946164541
0936451654
0801234506
0898443373
0922693695
0619857788
0844561414
0947955668
0916106599
0959794166
0898798466
0642656364
0835529255
0810936362
0821542445
0955586218
0819459311
0909596959
0811015186
0805454176
0929239656
0811047550
0915691989
0865441594
0624269154
0954939978
0629915949
0891714900
0885631786
0934754607
0935781451
0952871752
0842999585
0969302763
0987237586
0632456469
0909512494
0839775516
0840894991
0633791855
0623935355
0814593993
0624929441
0814227997
0879099418
0831153392
0655516938
0858346883
0639564469
0877834530
0863203316
0860210094
0816418814
0958101221
0844694692
0986982454
0892446077
0945473380
0888377989
0946146542
0899535690
0818973233
0944461665
0626464916
0894088834
0908808387
0899779971
0922495644
0946645059
0859148277
0937344353
0964798729
0840188489
0955549341
0922615452
0973694536
0616636498
0948961458
0898288759
0819165065
0918230135
0898137884
0898113270
0884205552
0819405450
0821190669
0842472037
0836635533
0846267264
0639842777
0912075030
0945152299
0618829799
0864565564
0906692468
0817695602
0819103648
0931906734
0812696291
0926939668
0948745550
0936259935
0861001788
0649862456
0995155935
0861893303
0878072214
0879337618
0656298264
0922798852
0968866134
0909983229
0896594434
0643031333
0857866023
0928417405
0969128118
0819223993
0897074560
0816175251
0956263151
0895375344
0646959929
0822317478
0879356161
0621811787
0988988685
0655033395
0822619358
0922500668
0818544600
0894882517
0851702376
0655516938
0894996455
0842325649
0839994858
0844488226
0848846294
0818661598
0897559505
0816851863
0944970211
0873263723
0863654945
0966546591
0819825729
0956266564
0898951556
0877408450
0853876516
0944808869
0877444948
0874952454
0819823091
0868269920
0955204059
0827095549
0882051805
0873036575
0927343989
0896822555
0980540122
0872487771
0815632884
0863319683
0815585480
0861273842
0850748888
0898522038
0923428038
0946804114
0971286294
0984050194
0811903630
0860141337
0836944830
0954428645
0954696159
0860274121
0872041556
0864594639
0929454482
0621965989
0816887756
0905539268
0869204388
0918538319
0980159374
0980698566
0635464990
0958654517
0961047685
0982617687
0865093320
0935576664
0655569179
0816906481
0838301400
0635423565
0892019254
0648294535
0810524990
0614428245
0627511013
0859184794
0821190669
0875185742
0926079399
0856646868
0945477824
0967012323
0819855933
0817816601
0631452927
0966476462
0897338512
0932426546
0815727959
0847003191
0810712078
0922630099
0810963423
0854556550
0896259889
0945825432
0946206886
0828116625
0802241955
0934086667
0830401493
0988294500
0936519246
0971952396
0621465959
0825536994
0817240806
0896684889
0841890127
0984980417
0629546451
0813985020
0657824156
0642288616
0851084455
0936328924
0968855680
0870772522
0947195682
0935546551
0635890221
0971952576
0625463546
0909940365
0923195354
0806435550
0818256644
0949414632
0828292373
0867589298
0873235890
0942493685
0987955155
0943562291
0895668444
0614488789
0993569163
0982922962
0887681173
0956422662
0971952396
0935696159
0814024011
0801722725
0989929624
0821952463
0817483344
0945641446
0963939829
0968055753
0956631348
0960986316
0644564944
0929845370
0816436961
0987901850
0958844799
0949144982
0991613971
0885903433
0970901454
0633187297
0828785709
0828118939
0610952189
0980570251
0817942337
0805294700
0802289263
0987783915
0946661519
0972718291
0642265924
0865334649
0963686956
0878937435
0818173458
0926246086
0942655165
0868988694
0613289463
0972137653
0801125551
0869429170
0857623465
0818905091
0853746743
0936920045
0812669577
0895373999
0955959225
0893616289
0928244295
0818444897
0619801730
0968589792
0802453949
0895463579
0864109481
0814919394
0922583353
0869284442
0945309122
0636415535
0987279776
0818618293
0659956597
0891595178
0892580167
0635423565
0625796342
0818165662
0829462839
0956365551
0877467680
0898874635
0891993304
0956464679
0988840399
0872930736
0830946665
0934812491
0962429914
0913153728
0918829896
0985659514
0925594916
0900195545
0955159446
0820561145
0811752526
0868734347
0937432945
0922658186
0816146102
0943237035
0625658824
0863846334
0844488226
0928294649
0832699353
0999099564
0802259393
0869140206
0816833338
0615146141
0928899993
0899844655
0652963998
0972255666
0845652465
0622069361
0845452674
0854663618
0896324884
0851694865
0863975772
0934564246
0863291956
0956505046
0615593955
0838866614
0659622698
0885941810
0968433638
0658426866
0869996898
0890856418
0943577775
0815553176
0810207651
0819258630
0650375651
0625936619
0803244536
0617873538
0857007903
0819461133
0945937962
0866881976
0899224839
0896942229
0805968841
0840505549
0930199559
0850999371
0882510690
0890105451
0812986267
0944136516
0870873801
0827082727
0951586449
0872028954
0914185688
0817947346
0634929336
0967012323
0830971434
0846529223
0806019732
0959494656
0902596336
0617650693
0863316375
0866210955
0843168178
0954262965
0805561647
0885545416
0622696142
0936259935
0901414142
0611544499
0649852659
0814817716
0846591307
0882534713
0614644549
0870493994
0617983879
0646745953
0898838189
0819106675
0929566650
0923525454
0994598997
0815727959
0954829122
0985598641
0904245656
0929190592
0819413037
0892507133
0874968080
0869461946
0853465942
0824922951
0951594242
0895253268
0832433669
0818297076
0890229790
0818154477
0898102499
0931855956
0989261695
0640376157
0626659895
0956804606
0935848521
0649682325
0819506972
0915556641
0842295159
0899548325
0635515556
0877944551
0835776061
0933768327
0891665050
0819179420
0982350529
0917599889
0818689722
0636955946
0876762403
0642499415
0936462424
0814241258
0902342505
0645784766
0906762813
0869863482
0832262459
0629597079
0981656359
0831888269
0654695628
0991954566
0649628998
0816293694
0628795323
0900197997
0648289190
0909596959
0650538359
0812594874
0935587702
0845564515
0631946265
0891289149
0864565564
0813681348
0951466529
0886514289
0961464178
0801235081
0913818447
0624659698
0895180616
0972106472
0983285199
0934426269
0884299991
0898212574
0843843647
0894003696
0898040807
0830173215
0971381115
0659329256
0811209681
0898349130
0982594526
0867417708
0853465942
0929198849
0892580167
0935298955
0989878836
0923565147
0955042410
0814223815
0913134191
0633296369
0612499662
0916889326
0870320459
0819356278
0838263556
0906786730
0988300437
0818269463
0972755540
0822394528
0819848646
0911818808
0965464414
0878251333
0864183168
0815873896
0804699898
0815649356
0814350135
0986789894
0899888914
0827248888
0894118987
0950328118
0968919451
0918255312
0837249871
0814049456
0953623996
0808875374
0922215087
0959939465
0967624532
0897249424
0906846664
0818055690
0967627627
0897722154
0895866572
0858541296
0898933836
0818832068
0994646292
0944669953
0863019066
0651535566
0818042510
0979866646
0979482330
0877139992
0942713851
0879855763
0889942416
0876593933
0855195624
0955528353
0922995464
0820577857
0952488328
0652328915
0837566655
0619640538
0855636251
0843405322
0865607087
0929576783
0803349837
0834157606
0650538359
0957566156
0864036036
0626562624
0894461662
0838238891
0641781485
0897993499
0660260120
0838918189
0819269616
0926293299
0887114401
0818469346
0823535929
0819459311
0818886707
0933268908
0806345970
0881873752
0926899282
0945825165
0872342574
0968028214
0891380015
0892196203
0816337897
0839152446
0982533294
0863139917
0831227788
0656164994
0616909795
0616855586
0961922454
0875091901
0898118763
0639058263
0960620380
0639699322
0954158249
0984699791
0864565564
0816930832
0816346806
0880059267
0623459656
0959795163
0614428245
0817521755
0805561647
0829492688
0869871222
0887513003
0812894422
0816461921
0922715311
0837521988
0652965999
0866135139
0816339789
0905946661
0818979787
0954944796
0992198898
0834189643
0848405911
0853740079
0956254535
0949257198
0984070671
0840868832
0802234545
0974566353
0833683322
0951690444
0897822808
0851173992
0822705292
0958564404
0898277767
0635629955
0939422445
0812634042
0892271617
0816283718
0956142985
0626534954
0819889810
0946596553
0917050249
0946189599
0888432227
0991523111
0993691914
0819201052
0863805875
0813419575
0874596555
0892592964
0819966974
0848220026
0949988666
0895162334
0982676399
0899363187
0816369796
0922676123
0922896199
0655170801
0807474896
0610299999
0626635354
0634485789
0816217280
0810273796
0948386156
0953102817
0808488441
0805964941
0657087996
0944659416
0817428043
0898866076
0652926246
0991360395
0863876278
0628797936
0863537204
0635399249
0980177706
0942892442
0890105451
0853721515
0649325663
0872523278
0891567804
0926326938
0801773462
0814548851
0894071997
0868970883
0986982585
0952497755
0894885431
0827005968
0936283407
0642906273
0845915661
0815431376
0956949229
0899305022
0625021846
0924694664
0913191900
0869709009
0898894548
0800478118
0827779848
0858252260
0826239992
0909790753
0816714455
0818747418
0896456655
0876617877
0982862295
0870436606
0807243829
0967078228
0638357518
0899898939
0950658787
0807195518
0854007797
0824242246
0615959939
0863300713
0803349837
0629686211
0979692426
0818757895
0998855905
0648353048
0945632629
0922809956
0946690961
0811556755
0893519199
0954766690
0889528231
0868899697
0818544133
0899274324
0862017999
0897926638
0864155752
0944194245
0939195366
0936525893
0870436606
0801452214
0856969099
0899392104
0851827784
0813627118
0862328115
0900946656
0902515911
0954607379
0819115363
0956949229
0988378697
0817808184
0875888487
0884483148
0981615947
0911811994
0890457364
0642824959
0955659808
0910287291
0894444228
0934628749
0968825670
0897505228
0843753482
0969250895
0837428465
0876011295
0917071922
0987475066
0956585684
0875221999
0614936622
0925951149
0806433329
0925686498
0807738729
0898979180
0644786496
0817545868
0829177997
0840739640
0982862295
0857490259
0830258827
0621794890
0897722516
0819849840
0873494141
0659942644
0956825886
0948805588
0882616914
0954915959
0833919283
0819186002
0619569889
0817684355
0626818307
0800478118
0816296457
0917761999
0842076913
0879190694
0842938386
0994344949
0959533435
0983699094
0616498629
0840000557
0855721630
0887118988
0629498946
0926649695
0636654242
0639022838
0957895149
0951458546
0849266559
0843919179
0869657474
0917039254
0971900577
0825153932
0922647679
0878224084
0856791550
0812398051
0818144440
0910456956
0832477884
0898121988
0617328949
0631700769
0829567511
0984529227
0951426395
0937124193
0895913525
0891567804
0866617578
0819330269
0842061196
0654464695
0865259725
0952194339
0826396665
0826459265
0947301131
0899247649
0897000496
0972932651
0870726689
0955522436
0931415695
0902460503
0910177099
0816535989
0816591878
0636584740
0944868493
0843601273
0630456645
0868641384
0951466529
0845282368
0954408575
0883397738
0629789646
0616315823
0819584700
0935787192
0985649395
0614012623
0874611339
0955542399
0922696324
0818966628
0811906919
0896146916
0994052949
0838245405
0860181888
0960922293
0954695442
0643536491
0864909514
0967584555
0834745946
0937274024
0817528469
0825979363
0819069499
0875666777
0634532896
0983255978
0936980829
0655542656
0934624956
0653813765
0635599599
0873189184
0814241258
0841281009
0945692076
0844233290
0848771834
0972356851
0640040400
0979744220
0818439466
0652238088
0994656006
0627696778
0847742535
0830360559
0911390387
0868426666
0814800080
0813768822
0908804378
0818962523
0652653246
0945195441
0949455936
0983503387
0935906439
0818440579
0819495241
0616564568
0898588003
0819855954
0890743936
0813691212
0819409544
0824445821
0948841779
0859148277
0869481648
0869489416
0952345477
0943577775
0822056708
0612879959
0879861010
0853598998
0818657252
0954519315
0659144296
0929524445
0851308280
0923615492
0970970101
0840970049
0659942959
0619392245
0861013449
0861629818
0814278490
0927097202
0898122952
0817519595
0994922499
0892222640
0921426666
0944656224
0629214428
0908933796
0646365455
0844666880
0844496713
0876932171
0894455170
0843919179
0816014770
0850540072
0966415982
0816664633
0899101760
0988274234
0923852545
0959969444
0949649524
0891373193
0939195366
0899656645
0822655391
0818378320
0948562333
0634195202
0822342332
0859148277
0846399127
0923408106
0818368492
0831888174
0924696495
0619822892
0653596544
0852205490
0986655699
0886956962
0864594639
0973347563
0993819813
0947150636
0903233453
0857475732
0883662971
0945152291
0958379156
0811233931
0969874566
0941532395
0811544299
0959566264
0838056899
0904930522
0652618791
0828328036
0899915973
0818256644
0923871122
0982926963
0818745430
0909910058
0899685235
0902892466
0929890319
0917377786
0815069800
0811918904
0954265451
0802531726
0612199187
0851212129
0999692945
0840354724
0818924845
0929951459
0810189611
0872160171
0952899609
0869846399
0871564267
0874981497
0922155588
0812670646
0886948273
0616395924
0624497872
0917209724
0659946639
0640742599
0806506077
0844783704
0830078157
0616414955
0968054456
0924169995
0810670529
0986609632
0836366351
0891351787
0821678879
0652942989
0866365165
0650592641
0953437878
0616359792
0994646292
0890743936
0843615654
0927606116
0816533596
0983569491
0896443784
0629928249
0832543747
0655292523
0925099911
0616491618
0896444569
0885620075
0852977965
0949811881
0659828482
0879086964
0888442993
0937098814
0953437878
0922608805
0814796791
0935456647
0905590945
0869706542
0892518244
0918239235
0949586951
0808293299
0637891966
0931647979
0882935983
0926478178
0992821585
0972403399
0891351787
0979255936
0942692492
0654047557
0616941466
0651535566
0943592395
0896549541
0818500752
0611758958
0918941656
0948285644
0805995595
0939195366
0983569491
0831735800
0843833688
0818882385
0898446464
0991120727
0612827410
0624632999
0861983798
0629946500
0901810290
0918944649
0963916464
0869405212
0801072181
0892429197
0622426422
0802919914
0901751244
0892811803
0992896149
0944747140
0957789779
0863383872
0645484997
0815773299
0852345441
0859144096
0638962798
0626416164
0985200947
0825928292
0850232460
0842202736
0984560922
0843746641
0830131487
0958072437
0951120789
0863885841
0892129724
0981098514
0865148855
0878607620
0637426555
0973646269
0819217900
0610284140
0936563596
0981434693
0868991606
0850264999
0624539222
0958948147
0619296142
0818170952
0985427672
0972953085
0881648955
0951658694
0939063968
0829992314
0918939164
0936764246
0649539691
0819036350
0955524699
0822033346
0892557061
0947594455
0856654442
0946929149
0942692492
0816374192
0649419414
0899223879
0635164563
0836563665
0897316622
0852775897
0902344550
0819582493
0989986355
0636529193
0802143348
0887512714
0863527216
0806580856
0815431376
0957056611
0818370843
0945655153
0992282892
0879032531
0996298782
0989146263
0928597905
0819467150
0822492709
0615860228
0859511086
0959480430
0816461921
0920235566
0867773817
0615529985
0832459156
0814564707
0813954653
0884201755
0875538801
0876965442
0625098224
0982218687
0935549795
0922521421
0810433759
0881049846
0897996956
0819119765
0848413847
0984417177
0815756004
0988692999
0624644952
0909790753
0830848326
0931693692
0617890200
0653130231
0989525556
0811141284
0938922995
0919829491
0623245954
0917759780
0819884774
0933466794
0802363994
0818561324
0867609204
0853759836
0945761058
0801910161
0813865247
0839595546
0919935665
0622896385
0909089909
0849630006
0930405051
0874953563
0870426526
0944563632
0615499462
0617357324
0936158817
0634495936
0861942165
0892580167
0993645994
0898715683
0924782228
0886464342
0818909552
0941463566
0866945048
0958939014
0875146419
0822786656
0828236519
0629639145
0655171102
0804925553
0635656192
0814473482
0819042342
0935263228
0831092505
0898661436
0649616416
0875968762
0818189492
0971434892
0876167428
0869053291
0627937739
0842419356
0818576755
0956394987
0936363924
0639465159
0872217933
0937437534
0817555372
0804502585
0991566888
0870558435
0953615992
0955536994
0903296665
0631950531
0953356444
0835669191
0994737257
0619922297
0897426932
0819299100
0937321838
0841027045
0639685094
0922924941
0980178496
0631201567
0862285899
0817754546
0828490216
0637455577
0819900987
0644466629
0863035484
0818368492
0982360940
0815816694
0634468016
0982697949
0812581502
0989196808
0819622650
0887903910
0612376349
0818302307
0922263598
0922659231
0622426422
0817167444
0654949358
0886039440
0611517878
0951804614
0646969895
0863203316
0846334491
0812075888
0820373459
0868778200
0814483929
0653755896
0958438369
0843600884
0956062673
0956939293
0620010615
0942955642
0921469977
0895317858
0863581738
0890010618
0988259835
0810962126
0924412199
0944659433
0922896162
0817962939
0809997849
0830883799
0909597322
0633516966
0875091901
0895484655
0947786979
0617787999
0855625465
0884049271
0969781840
0633681112
0813937898
0815588649
0959054999
0954401203
0821929919
0806199969
0934466624
0846448881
0862696330
0948465576
0931392326
0990606613
0867808383
0935949216
0988378135
0927194000
0987828596
0982595363
0970208095
0649436289
0844074568
0801949992
0955901355
0643655954
0884561187
0810728927
0653836498
0885596935
0868763992
0871095963
0817837703
0924591638
0864145564
0894411515
0925699905
0816578268
0818405334
0956705226
0972366562
0891764646
0985528796
0847308222
0631466346
0800126375
0812082724
0986155586
0898922239
0814378426
0963205710
0862800227
0973159436
0817983444
0896049096
0618198723
0938364645
0954516399
0819521509
0826263282
0919454454
0814988820
0853626991
0860462591
0873959709
0819041045
0898360295
0819953325
0818467447
0816295599
0919541695
0818183300
0629549556
0898400802
0654095199
0615519591
0824966362
0805666150
0614039466
0638285954
0899892180
0999099609
0896284778
0639249697
0808242384
0654050441
0643616641
0981929799
0915359169
0819367500
0882620124
0837730587
0892455275
0863485871
0899883939
0947814566
0914195544
0966210867
0818688825
0870889510
0841466545
0956415809
0804860903
0825611593
0895139587
0845393401
0834645965
0870022307
0616895393
0982696552
0621514199
0879481780
0942859955
0832886308
0629499955
0614424556
0888416718
0922713566
0860373738
0972653549
0985863969
0818991899
0806004279
0620185069
0655670097
0811453238
0855922987
0805628686
0612465669
0949848788
0952197272
0971409323
0861113130
0809595693
0933299978
0838042992
0944299515
0830924901
0817217049
0917025827
0850558878
0638266328
0915564114
0922701886
0803659694
0653545661
0891281993
0898861613
0857910631
0813169673
0989455946
0876146622
0899222323
0855931668
0983376691
0894093468
0905459599
0850545445
0874826666
0629166598
0909862739
0818199863
0962419646
0992435467
0893653659
0894767115
0984978387
0867895045
0835324659
0870462777
0816048504
0901844491
0898965700
0928663594
0973694635
0945822629
0809746516
0645621459
0813520467
0891461901
0898313159
0819119443
0926160899
0811165392
0857064868
0974541953
0852017473
0806948159
0858426150
0818839211
0863672313
0815660050
0809879326
0868834402
0898323241
0659465856
0865033952
0955509993
0645215000
0989496159
0818367688
0866102200
0995632462
0818345556
0853087746
0614949989
0876962883
0942845964
0860396846
0895659432
0816680710
0624542246
0907069859
0831568696
0813746010
0988236368
0815899951
0861216333
0818334427
0804915544
0816753743
0898862231
0844944545
0970766269
0615245633
0642073013
0972948726
0654050441
0818983008
0983911410
0890073443
0891219580
0899228381
0819894740
0929958826
0816396356
0918287794
0623452002
0611040454
0811803111
0834425369
0946661519
0849974978
0979594592
0945241580
0841416287
0988810299
0825942441
0899495767
0817873710
0823484888
0894516513
0826574032
0971649280
0813052080
0811453238
0944299515
0841926778
0819158882
0623969954
0847594946
0821605362
0948932414
0954694545
0968293955
0910677228
0819559263
0982839963
0850167997
0989456398
0805479141
0891608646
0865935484
0987425607
0878243417
0851370985
0840021145
0801007097
0846055656
0815941254
0828755066
0958796193
0813160673
0933605909
0869681970
0979508168
0858426150
0954411102
0985424656
0955598541
0639149294
0890778596
0933594262
0818345556
0862656449
0956405750
0910656524
0885096526
0816533580
0659269495
0933696450
0819675528
0643089223
0926326154
0819281909
0944412678
0944585777
0918438065
0869636275
0637319319
0830258827
0841046914
0936166516
0932146067
0619802196
0818376670
0923694373
0957479783
0817202540
0817789885
0885826526
0861847114
0882620124
0982843187
0621984624
0818733889
0872246989
0629978287
0949299982
0931583222
0813007180
0648299936
0823009243
0893696195
0653599535
0892373907
0885130046